Driver,DriverName,Team,EventName,EventNameFull,Points,SprintPoints,TotalPoints,Rank,RankLabel,HeadshotUrl,GridPosition,FinishPosition,FinishIcon,GridGain,CumulativePoints,AvgPointsToDate,Last5Avg,AvgFinish,MedianFinish,PodiumRate,PointsRate,AvgGridGain
ANT,Andrea Kimi Antonelli,Mercedes,Australian,Australian Grand Prix,18,0,320,1,1er,https://media.formula1.com/d_driver_fallback_image.png/content/dam/fom-website/drivers/K/ANDANT01_Kimi_Antonelli/andant01.png.transform/1col/image.png,2,2,🥈,0.0,18,18.0,18.0,2.0,2.0,1.0,1.0,0.0
ANT,Andrea Kimi Antonelli,Mercedes,Chinese*,Chinese Grand Prix,29,4,320,1,1er,https://media.formula1.com/d_driver_fallback_image.png/content/dam/fom-website/drivers/K/ANDANT01_Kimi_Antonelli/andant01.png.transform/1col/image.png,1,1,🥇,0.0,47,23.5,23.5,1.5,1.5,1.0,1.0,0.0
ANT,Andrea Kimi Antonelli,Mercedes,Japanese,Japanese Grand Prix,25,0,320,1,1er,https://media.formula1.com/d_driver_fallback_image.png/content/dam/fom-website/drivers/K/ANDANT01_Kimi_Antonelli/andant01.png.transform/1col/image.png,1,1,🥇,0.0,72,24.0,24.0,1.3333333333333333,1.0,1.0,1.0,0.0
ANT,Andrea Kimi Antonelli,Mercedes,Miami*,Miami Grand Prix,28,3,320,1,1er,https://media.formula1.com/d_driver_fallback_image.png/content/dam/fom-website/drivers/K/ANDANT01_Kimi_Antonelli/andant01.png.transform/1col/image.png,1,1,🥇,0.0,100,25.0,25.0,1.25,1.0,1.0,1.0,0.0
ANT,Andrea Kimi Antonelli,Mercedes,Canadian*,Canadian Grand Prix,31,6,320,1,1er,https://media.formula1.com/d_driver_fallback_image.png/content/dam/fom-website/drivers/K/ANDANT01_Kimi_Antonelli/andant01.png.transform/1col/image.png,2,1,🥇,1.0,131,26.2,26.2,1.2,1.0,1.0,1.0,0.2
ANT,Andrea Kimi Antonelli,Mercedes,Monaco,Monaco Grand Prix,25,0,320,1,1er,https://media.formula1.com/d_driver_fallback_image.png/content/dam/fom-website/drivers/K/ANDANT01_Kimi_Antonelli/andant01.png.transform/1col/image.png,1,1,🥇,0.0,156,26.0,27.6,1.1666666666666667,1.0,1.0,1.0,0.16666666666666666
ANT,Andrea Kimi Antonelli,Mercedes,Barcelona,Barcelona Grand Prix,0,0,320,1,1er,https://media.formula1.com/d_driver_fallback_image.png/content/dam/fom-website/drivers/K/ANDANT01_Kimi_Antonelli/andant01.png.transform/1col/image.png,3,16,,-13.0,156,22.285714285714285,21.8,3.2857142857142856,1.0,0.8571428571428571,0.8571428571428571,-1.7142857142857142
ANT,Andrea Kimi Antonelli,Mercedes,Austrian,Austrian Grand Prix,15,0,320,1,1er,https://media.formula1.com/d_driver_fallback_image.png/content/dam/fom-website/drivers/K/ANDANT01_Kimi_Antonelli/andant01.png.transform/1col/image.png,4,3,🥉,1.0,171,21.375,19.8,3.25,1.0,0.875,0.875,-1.375
ANT,Andrea Kimi Antonelli,Mercedes,British*,British Grand Prix,8,8,320,1,1er,https://media.formula1.com/d_driver_fallback_image.png/content/dam/fom-website/drivers/K/ANDANT01_Kimi_Antonelli/andant01.png.transform/1col/image.png,1,15,,-14.0,179,19.88888888888889,15.8,4.555555555555555,1.0,0.7777777777777778,0.8888888888888888,-2.7777777777777777
ANT,Andrea Kimi Antonelli,Mercedes,Belgian,Belgian Grand Prix,25,0,320,1,1er,https://media.formula1.com/d_driver_fallback_image.png/content/dam/fom-website/drivers/K/ANDANT01_Kimi_Antonelli/andant01.png.transform/1col/image.png,1,1,🥇,0.0,204,20.4,14.6,4.2,1.0,0.8,0.9,-2.5
ANT,Andrea Kimi Antonelli,Mercedes,Hungarian,Hungarian Grand Prix,15,0,320,1,1er,https://media.formula1.com/d_driver_fallback_image.png/content/dam/fom-website/drivers/K/ANDANT01_Kimi_Antonelli/andant01.png.transform/1col/image.png,7,3,🥉,4.0,219,19.90909090909091,12.6,4.090909090909091,1.0,0.8181818181818182,0.9090909090909091,-1.9090909090909092
ANT,Andrea Kimi Antonelli,Mercedes,Dutch*,Dutch Grand Prix,23,5,320,1,1er,https://media.formula1.com/d_driver_fallback_image.png/content/dam/fom-website/drivers/K/ANDANT01_Kimi_Antonelli/andant01.png.transform/1col/image.png,3,2,🥈,1.0,242,20.166666666666668,17.2,3.9166666666666665,1.5,0.8333333333333334,0.9166666666666666,-1.6666666666666667
ANT,Andrea Kimi Antonelli,Mercedes,Italian,Italian Grand Prix,25,0,320,1,1er,https://media.formula1.com/d_driver_fallback_image.png/content/dam/fom-website/drivers/K/ANDANT01_Kimi_Antonelli/andant01.png.transform/1col/image.png,19,1,🥇,18.0,267,20.53846153846154,19.2,3.6923076923076925,1.0,0.8461538461538461,0.9230769230769231,-0.15384615384615385
ANT,Andrea Kimi Antonelli,Mercedes,Madrid,Spanish Grand Prix,25,0,320,1,1er,https://media.formula1.com/d_driver_fallback_image.png/content/dam/fom-website/drivers/K/ANDANT01_Kimi_Antonelli/andant01.png.transform/1col/image.png,2,1,🥇,1.0,292,20.857142857142858,22.6,3.5,1.0,0.8571428571428571,0.9285714285714286,-0.07142857142857142
ANT,Andrea Kimi Antonelli,Mercedes,Azerbaijan,Azerbaijan Grand Prix,10,0,320,1,1er,https://media.formula1.com/d_driver_fallback_image.png/content/dam/fom-website/drivers/K/ANDANT01_Kimi_Antonelli/andant01.png.transform/1col/image.png,16,5,,11.0,302,20.133333333333333,19.6,3.6,1.0,0.8,0.9333333333333333,0.6666666666666666
ANT,Andrea Kimi Antonelli,Mercedes,Bahrain,Bahrain Grand Prix,18,0,320,1,1er,https://media.formula1.com/d_driver_fallback_image.png/content/dam/fom-website/drivers/K/ANDANT01_Kimi_Antonelli/andant01.png.transform/1col/image.png,3,2,🥈,1.0,320,20.0,20.2,3.5,1.5,0.8125,0.9375,0.6875
RUS,George Russell,Mercedes,Australian,Australian Grand Prix,25,0,236,2,2e,https://media.formula1.com/d_driver_fallback_image.png/content/dam/fom-website/drivers/G/GEORUS01_George_Russell/georus01.png.transform/1col/image.png,1,1,🥇,0.0,25,25.0,25.0,1.0,1.0,1.0,1.0,0.0
RUS,George Russell,Mercedes,Chinese*,Chinese Grand Prix,26,8,236,2,2e,https://media.formula1.com/d_driver_fallback_image.png/content/dam/fom-website/drivers/G/GEORUS01_George_Russell/georus01.png.transform/1col/image.png,2,2,🥈,0.0,51,25.5,25.5,1.5,1.5,1.0,1.0,0.0
RUS,George Russell,Mercedes,Japanese,Japanese Grand Prix,12,0,236,2,2e,https://media.formula1.com/d_driver_fallback_image.png/content/dam/fom-website/drivers/G/GEORUS01_George_Russell/georus01.png.transform/1col/image.png,2,4,,-2.0,63,21.0,21.0,2.3333333333333335,2.0,0.6666666666666666,1.0,-0.6666666666666666
RUS,George Russell,Mercedes,Miami*,Miami Grand Prix,17,5,236,2,2e,https://media.formula1.com/d_driver_fallback_image.png/content/dam/fom-website/drivers/G/GEORUS01_George_Russell/georus01.png.transform/1col/image.png,5,4,,1.0,80,20.0,20.0,2.75,3.0,0.5,1.0,-0.25
RUS,George Russell,Mercedes,Canadian*,Canadian Grand Prix,8,8,236,2,2e,https://media.formula1.com/d_driver_fallback_image.png/content/dam/fom-website/drivers/G/GEORUS01_George_Russell/georus01.png.transform/1col/image.png,1,19,,-18.0,88,17.6,17.6,6.0,4.0,0.4,1.0,-3.8
RUS,George Russell,Mercedes,Monaco,Monaco Grand Prix,0,0,236,2,2e,https://media.formula1.com/d_driver_fallback_image.png/content/dam/fom-website/drivers/G/GEORUS01_George_Russell/georus01.png.transform/1col/image.png,6,12,,-6.0,88,14.666666666666666,12.6,7.0,4.0,0.3333333333333333,0.8333333333333334,-4.166666666666667
RUS,George Russell,Mercedes,Barcelona,Barcelona Grand Prix,18,0,236,2,2e,https://media.formula1.com/d_driver_fallback_image.png/content/dam/fom-website/drivers/G/GEORUS01_George_Russell/georus01.png.transform/1col/image.png,1,2,🥈,-1.0,106,15.142857142857142,11.0,6.285714285714286,4.0,0.42857142857142855,0.8571428571428571,-3.7142857142857144
RUS,George Russell,Mercedes,Austrian,Austrian Grand Prix,25,0,236,2,2e,https://media.formula1.com/d_driver_fallback_image.png/content/dam/fom-website/drivers/G/GEORUS01_George_Russell/georus01.png.transform/1col/image.png,1,1,🥇,0.0,131,16.375,13.6,5.625,3.0,0.5,0.875,-3.25
RUS,George Russell,Mercedes,British*,British Grand Prix,23,5,236,2,2e,https://media.formula1.com/d_driver_fallback_image.png/content/dam/fom-website/drivers/G/GEORUS01_George_Russell/georus01.png.transform/1col/image.png,4,2,🥈,2.0,154,17.11111111111111,14.8,5.222222222222222,2.0,0.5555555555555556,0.8888888888888888,-2.6666666666666665
RUS,George Russell,Mercedes,Belgian,Belgian Grand Prix,0,0,236,2,2e,https://media.formula1.com/d_driver_fallback_image.png/content/dam/fom-website/drivers/G/GEORUS01_George_Russell/georus01.png.transform/1col/image.png,3,22,,-19.0,154,15.4,13.2,6.9,3.0,0.5,0.8,-4.3
RUS,George Russell,Mercedes,Hungarian,Hungarian Grand Prix,6,0,236,2,2e,https://media.formula1.com/d_driver_fallback_image.png/content/dam/fom-website/drivers/G/GEORUS01_George_Russell/georus01.png.transform/1col/image.png,6,7,,-1.0,160,14.545454545454545,14.4,6.909090909090909,4.0,0.45454545454545453,0.8181818181818182,-4.0
RUS,George Russell,Mercedes,Dutch*,Dutch Grand Prix,23,8,236,2,2e,https://media.formula1.com/d_driver_fallback_image.png/content/dam/fom-website/drivers/G/GEORUS01_George_Russell/georus01.png.transform/1col/image.png,2,3,🥉,-1.0,183,15.25,15.4,6.583333333333333,3.5,0.5,0.8333333333333334,-3.75
RUS,George Russell,Mercedes,Italian,Italian Grand Prix,18,0,236,2,2e,https://media.formula1.com/d_driver_fallback_image.png/content/dam/fom-website/drivers/G/GEORUS01_George_Russell/georus01.png.transform/1col/image.png,2,2,🥈,0.0,201,15.461538461538462,14.0,6.230769230769231,3.0,0.5384615384615384,0.8461538461538461,-3.4615384615384617
RUS,George Russell,Mercedes,Madrid,Spanish Grand Prix,10,0,236,2,2e,https://media.formula1.com/d_driver_fallback_image.png/content/dam/fom-website/drivers/G/GEORUS01_George_Russell/georus01.png.transform/1col/image.png,6,5,,1.0,211,15.071428571428571,11.4,6.142857142857143,3.5,0.5,0.8571428571428571,-3.142857142857143
RUS,George Russell,Mercedes,Azerbaijan,Azerbaijan Grand Prix,25,0,236,2,2e,https://media.formula1.com/d_driver_fallback_image.png/content/dam/fom-website/drivers/G/GEORUS01_George_Russell/georus01.png.transform/1col/image.png,1,1,🥇,0.0,236,15.733333333333333,16.4,5.8,3.0,0.5333333333333333,0.8666666666666667,-2.933333333333333
RUS,George Russell,Mercedes,Bahrain,Bahrain Grand Prix,0,0,236,2,2e,https://media.formula1.com/d_driver_fallback_image.png/content/dam/fom-website/drivers/G/GEORUS01_George_Russell/georus01.png.transform/1col/image.png,7,20,,-13.0,236,14.75,15.2,6.6875,3.5,0.5,0.8125,-3.5625
HAM,Lewis Hamilton,Ferrari,Australian,Australian Grand Prix,12,0,214,3,3e,https://media.formula1.com/d_driver_fallback_image.png/content/dam/fom-website/drivers/L/LEWHAM01_Lewis_Hamilton/lewham01.png.transform/1col/image.png,7,4,,3.0,12,12.0,12.0,4.0,4.0,0.0,1.0,3.0
HAM,Lewis Hamilton,Ferrari,Chinese*,Chinese Grand Prix,21,6,214,3,3e,https://media.formula1.com/d_driver_fallback_image.png/content/dam/fom-website/drivers/L/LEWHAM01_Lewis_Hamilton/lewham01.png.transform/1col/image.png,3,3,🥉,0.0,33,16.5,16.5,3.5,3.5,0.5,1.0,1.5
HAM,Lewis Hamilton,Ferrari,Japanese,Japanese Grand Prix,8,0,214,3,3e,https://media.formula1.com/d_driver_fallback_image.png/content/dam/fom-website/drivers/L/LEWHAM01_Lewis_Hamilton/lewham01.png.transform/1col/image.png,6,6,,0.0,41,13.666666666666666,13.666666666666666,4.333333333333333,4.0,0.3333333333333333,1.0,1.0
HAM,Lewis Hamilton,Ferrari,Miami*,Miami Grand Prix,10,2,214,3,3e,https://media.formula1.com/d_driver_fallback_image.png/content/dam/fom-website/drivers/L/LEWHAM01_Lewis_Hamilton/lewham01.png.transform/1col/image.png,6,6,,0.0,51,12.75,12.75,4.75,5.0,0.25,1.0,0.75
HAM,Lewis Hamilton,Ferrari,Canadian*,Canadian Grand Prix,21,3,214,3,3e,https://media.formula1.com/d_driver_fallback_image.png/content/dam/fom-website/drivers/L/LEWHAM01_Lewis_Hamilton/lewham01.png.transform/1col/image.png,5,2,🥈,3.0,72,14.4,14.4,4.2,4.0,0.4,1.0,1.2
HAM,Lewis Hamilton,Ferrari,Monaco,Monaco Grand Prix,18,0,214,3,3e,https://media.formula1.com/d_driver_fallback_image.png/content/dam/fom-website/drivers/L/LEWHAM01_Lewis_Hamilton/lewham01.png.transform/1col/image.png,3,2,🥈,1.0,90,15.0,15.6,3.8333333333333335,3.5,0.5,1.0,1.1666666666666667
HAM,Lewis Hamilton,Ferrari,Barcelona,Barcelona Grand Prix,25,0,214,3,3e,https://media.formula1.com/d_driver_fallback_image.png/content/dam/fom-website/drivers/L/LEWHAM01_Lewis_Hamilton/lewham01.png.transform/1col/image.png,2,1,🥇,1.0,115,16.428571428571427,16.4,3.4285714285714284,3.0,0.5714285714285714,1.0,1.1428571428571428
HAM,Lewis Hamilton,Ferrari,Austrian,Austrian Grand Prix,10,0,214,3,3e,https://media.formula1.com/d_driver_fallback_image.png/content/dam/fom-website/drivers/L/LEWHAM01_Lewis_Hamilton/lewham01.png.transform/1col/image.png,3,5,,-2.0,125,15.625,16.8,3.625,3.5,0.5,1.0,0.75
HAM,Lewis Hamilton,Ferrari,British*,British Grand Prix,22,7,214,3,3e,https://media.formula1.com/d_driver_fallback_image.png/content/dam/fom-website/drivers/L/LEWHAM01_Lewis_Hamilton/lewham01.png.transform/1col/image.png,3,3,🥉,0.0,147,16.333333333333332,19.2,3.5555555555555554,3.0,0.5555555555555556,1.0,0.6666666666666666
HAM,Lewis Hamilton,Ferrari,Belgian,Belgian Grand Prix,12,0,214,3,3e,https://media.formula1.com/d_driver_fallback_image.png/content/dam/fom-website/drivers/L/LEWHAM01_Lewis_Hamilton/lewham01.png.transform/1col/image.png,5,4,,1.0,159,15.9,17.4,3.6,3.5,0.5,1.0,0.7
HAM,Lewis Hamilton,Ferrari,Hungarian,Hungarian Grand Prix,10,0,214,3,3e,https://media.formula1.com/d_driver_fallback_image.png/content/dam/fom-website/drivers/L/LEWHAM01_Lewis_Hamilton/lewham01.png.transform/1col/image.png,5,5,,0.0,169,15.363636363636363,15.8,3.727272727272727,4.0,0.45454545454545453,1.0,0.6363636363636364
HAM,Lewis Hamilton,Ferrari,Dutch*,Dutch Grand Prix,14,2,214,3,3e,https://media.formula1.com/d_driver_fallback_image.png/content/dam/fom-website/drivers/L/LEWHAM01_Lewis_Hamilton/lewham01.png.transform/1col/image.png,5,4,,1.0,183,15.25,13.6,3.75,4.0,0.4166666666666667,1.0,0.6666666666666666
HAM,Lewis Hamilton,Ferrari,Italian,Italian Grand Prix,8,0,214,3,3e,https://media.formula1.com/d_driver_fallback_image.png/content/dam/fom-website/drivers/L/LEWHAM01_Lewis_Hamilton/lewham01.png.transform/1col/image.png,4,6,,-2.0,191,14.692307692307692,13.2,3.923076923076923,4.0,0.38461538461538464,1.0,0.46153846153846156
HAM,Lewis Hamilton,Ferrari,Madrid,Spanish Grand Prix,0,0,214,3,3e,https://media.formula1.com/d_driver_fallback_image.png/content/dam/fom-website/drivers/L/LEWHAM01_Lewis_Hamilton/lewham01.png.transform/1col/image.png,4,22,,-18.0,191,13.642857142857142,8.8,5.214285714285714,4.0,0.35714285714285715,0.9285714285714286,-0.8571428571428571
HAM,Lewis Hamilton,Ferrari,Azerbaijan,Azerbaijan Grand Prix,8,0,214,3,3e,https://media.formula1.com/d_driver_fallback_image.png/content/dam/fom-website/drivers/L/LEWHAM01_Lewis_Hamilton/lewham01.png.transform/1col/image.png,6,6,,0.0,199,13.266666666666667,8.0,5.266666666666667,4.0,0.3333333333333333,0.9333333333333333,-0.8
HAM,Lewis Hamilton,Ferrari,Bahrain,Bahrain Grand Prix,15,0,214,3,3e,https://media.formula1.com/d_driver_fallback_image.png/content/dam/fom-website/drivers/L/LEWHAM01_Lewis_Hamilton/lewham01.png.transform/1col/image.png,2,3,🥉,-1.0,214,13.375,9.0,5.125,4.0,0.375,0.9375,-0.8125
LEC,Charles Leclerc,Ferrari,Australian,Australian Grand Prix,15,0,191,4,4e,https://media.formula1.com/d_driver_fallback_image.png/content/dam/fom-website/drivers/C/CHALEC01_Charles_Leclerc/chalec01.png.transform/1col/image.png,4,3,🥉,1.0,15,15.0,15.0,3.0,3.0,1.0,1.0,1.0
LEC,Charles Leclerc,Ferrari,Chinese*,Chinese Grand Prix,19,7,191,4,4e,https://media.formula1.com/d_driver_fallback_image.png/content/dam/fom-website/drivers/C/CHALEC01_Charles_Leclerc/chalec01.png.transform/1col/image.png,4,4,,0.0,34,17.0,17.0,3.5,3.5,0.5,1.0,0.5
LEC,Charles Leclerc,Ferrari,Japanese,Japanese Grand Prix,15,0,191,4,4e,https://media.formula1.com/d_driver_fallback_image.png/content/dam/fom-website/drivers/C/CHALEC01_Charles_Leclerc/chalec01.png.transform/1col/image.png,4,3,🥉,1.0,49,16.333333333333332,16.333333333333332,3.3333333333333335,3.0,0.6666666666666666,1.0,0.6666666666666666
LEC,Charles Leclerc,Ferrari,Miami*,Miami Grand Prix,10,6,191,4,4e,https://media.formula1.com/d_driver_fallback_image.png/content/dam/fom-website/drivers/C/CHALEC01_Charles_Leclerc/chalec01.png.transform/1col/image.png,3,8,,-5.0,59,14.75,14.75,4.5,3.5,0.5,1.0,-0.75
LEC,Charles Leclerc,Ferrari,Canadian*,Canadian Grand Prix,16,4,191,4,4e,https://media.formula1.com/d_driver_fallback_image.png/content/dam/fom-website/drivers/C/CHALEC01_Charles_Leclerc/chalec01.png.transform/1col/image.png,8,4,,4.0,75,15.0,15.0,4.4,4.0,0.4,1.0,0.2
LEC,Charles Leclerc,Ferrari,Monaco,Monaco Grand Prix,0,0,191,4,4e,https://media.formula1.com/d_driver_fallback_image.png/content/dam/fom-website/drivers/C/CHALEC01_Charles_Leclerc/chalec01.png.transform/1col/image.png,4,17,,-13.0,75,12.5,12.0,6.5,4.0,0.3333333333333333,0.8333333333333334,-2.0
LEC,Charles Leclerc,Ferrari,Barcelona,Barcelona Grand Prix,0,0,191,4,4e,https://media.formula1.com/d_driver_fallback_image.png/content/dam/fom-website/drivers/C/CHALEC01_Charles_Leclerc/chalec01.png.transform/1col/image.png,10,15,,-5.0,75,10.714285714285714,8.2,7.714285714285714,4.0,0.2857142857142857,0.7142857142857143,-2.4285714285714284
LEC,Charles Leclerc,Ferrari,Austrian,Austrian Grand Prix,4,0,191,4,4e,https://media.formula1.com/d_driver_fallback_image.png/content/dam/fom-website/drivers/C/CHALEC01_Charles_Leclerc/chalec01.png.transform/1col/image.png,2,8,,-6.0,79,9.875,6.0,7.75,6.0,0.25,0.75,-2.875
LEC,Charles Leclerc,Ferrari,British*,British Grand Prix,29,4,191,4,4e,https://media.formula1.com/d_driver_fallback_image.png/content/dam/fom-website/drivers/C/CHALEC01_Charles_Leclerc/chalec01.png.transform/1col/image.png,2,1,🥇,1.0,108,12.0,9.8,7.0,4.0,0.3333333333333333,0.7777777777777778,-2.4444444444444446
LEC,Charles Leclerc,Ferrari,Belgian,Belgian Grand Prix,18,0,191,4,4e,https://media.formula1.com/d_driver_fallback_image.png/content/dam/fom-website/drivers/C/CHALEC01_Charles_Leclerc/chalec01.png.transform/1col/image.png,4,2,🥈,2.0,126,12.6,10.2,6.5,4.0,0.4,0.8,-2.0
LEC,Charles Leclerc,Ferrari,Hungarian,Hungarian Grand Prix,12,0,191,4,4e,https://media.formula1.com/d_driver_fallback_image.png/content/dam/fom-website/drivers/C/CHALEC01_Charles_Leclerc/chalec01.png.transform/1col/image.png,2,4,,-2.0,138,12.545454545454545,12.6,6.2727272727272725,4.0,0.36363636363636365,0.8181818181818182,-2.0
LEC,Charles Leclerc,Ferrari,Dutch*,Dutch Grand Prix,17,7,191,4,4e,https://media.formula1.com/d_driver_fallback_image.png/content/dam/fom-website/drivers/C/CHALEC01_Charles_Leclerc/chalec01.png.transform/1col/image.png,6,5,,1.0,155,12.916666666666666,16.0,6.166666666666667,4.0,0.3333333333333333,0.8333333333333334,-1.75
LEC,Charles Leclerc,Ferrari,Italian,Italian Grand Prix,0,0,191,4,4e,https://media.formula1.com/d_driver_fallback_image.png/content/dam/fom-website/drivers/C/CHALEC01_Charles_Leclerc/chalec01.png.transform/1col/image.png,3,22,,-19.0,155,11.923076923076923,15.2,7.384615384615385,4.0,0.3076923076923077,0.7692307692307693,-3.076923076923077
LEC,Charles Leclerc,Ferrari,Madrid,Spanish Grand Prix,12,0,191,4,4e,https://media.formula1.com/d_driver_fallback_image.png/content/dam/fom-website/drivers/C/CHALEC01_Charles_Leclerc/chalec01.png.transform/1col/image.png,5,4,,1.0,167,11.928571428571429,11.8,7.142857142857143,4.0,0.2857142857142857,0.7857142857142857,-2.7857142857142856
LEC,Charles Leclerc,Ferrari,Azerbaijan,Azerbaijan Grand Prix,12,0,191,4,4e,https://media.formula1.com/d_driver_fallback_image.png/content/dam/fom-website/drivers/C/CHALEC01_Charles_Leclerc/chalec01.png.transform/1col/image.png,2,4,,-2.0,179,11.933333333333334,10.6,6.933333333333334,4.0,0.26666666666666666,0.8,-2.7333333333333334
LEC,Charles Leclerc,Ferrari,Bahrain,Bahrain Grand Prix,12,0,191,4,4e,https://media.formula1.com/d_driver_fallback_image.png/content/dam/fom-website/drivers/C/CHALEC01_Charles_Leclerc/chalec01.png.transform/1col/image.png,4,4,,0.0,191,11.9375,10.6,6.75,4.0,0.25,0.8125,-2.5625
NOR,Lando Norris,McLaren,Australian,Australian Grand Prix,10,0,188,5,5e,https://media.formula1.com/d_driver_fallback_image.png/content/dam/fom-website/drivers/L/LANNOR01_Lando_Norris/lannor01.png.transform/1col/image.png,6,5,,1.0,10,10.0,10.0,5.0,5.0,0.0,1.0,1.0
NOR,Lando Norris,McLaren,Chinese*,Chinese Grand Prix,5,5,188,5,5e,https://media.formula1.com/d_driver_fallback_image.png/content/dam/fom-website/drivers/L/LANNOR01_Lando_Norris/lannor01.png.transform/1col/image.png,6,20,,-14.0,15,7.5,7.5,12.5,12.5,0.0,1.0,-6.5
NOR,Lando Norris,McLaren,Japanese,Japanese Grand Prix,10,0,188,5,5e,https://media.formula1.com/d_driver_fallback_image.png/content/dam/fom-website/drivers/L/LANNOR01_Lando_Norris/lannor01.png.transform/1col/image.png,5,5,,0.0,25,8.333333333333334,8.333333333333334,10.0,5.0,0.0,1.0,-4.333333333333333
NOR,Lando Norris,McLaren,Miami*,Miami Grand Prix,26,8,188,5,5e,https://media.formula1.com/d_driver_fallback_image.png/content/dam/fom-website/drivers/L/LANNOR01_Lando_Norris/lannor01.png.transform/1col/image.png,4,2,🥈,2.0,51,12.75,12.75,8.0,5.0,0.25,1.0,-2.75
NOR,Lando Norris,McLaren,Canadian*,Canadian Grand Prix,7,7,188,5,5e,https://media.formula1.com/d_driver_fallback_image.png/content/dam/fom-website/drivers/L/LANNOR01_Lando_Norris/lannor01.png.transform/1col/image.png,3,18,,-15.0,58,11.6,11.6,10.0,5.0,0.2,1.0,-5.2
NOR,Lando Norris,McLaren,Monaco,Monaco Grand Prix,0,0,188,5,5e,https://media.formula1.com/d_driver_fallback_image.png/content/dam/fom-website/drivers/L/LANNOR01_Lando_Norris/lannor01.png.transform/1col/image.png,8,19,,-11.0,58,9.666666666666666,9.6,11.5,11.5,0.16666666666666666,0.8333333333333334,-6.166666666666667
NOR,Lando Norris,McLaren,Barcelona,Barcelona Grand Prix,15,0,188,5,5e,https://media.formula1.com/d_driver_fallback_image.png/content/dam/fom-website/drivers/L/LANNOR01_Lando_Norris/lannor01.png.transform/1col/image.png,4,3,🥉,1.0,73,10.428571428571429,11.6,10.285714285714286,5.0,0.2857142857142857,0.8571428571428571,-5.142857142857143
NOR,Lando Norris,McLaren,Austrian,Austrian Grand Prix,6,0,188,5,5e,https://media.formula1.com/d_driver_fallback_image.png/content/dam/fom-website/drivers/L/LANNOR01_Lando_Norris/lannor01.png.transform/1col/image.png,6,7,,-1.0,79,9.875,10.8,9.875,6.0,0.25,0.875,-4.625
NOR,Lando Norris,McLaren,British*,British Grand Prix,18,6,188,5,5e,https://media.formula1.com/d_driver_fallback_image.png/content/dam/fom-website/drivers/L/LANNOR01_Lando_Norris/lannor01.png.transform/1col/image.png,6,4,,2.0,97,10.777777777777779,9.2,9.222222222222221,5.0,0.2222222222222222,0.8888888888888888,-3.888888888888889
NOR,Lando Norris,McLaren,Belgian,Belgian Grand Prix,6,0,188,5,5e,https://media.formula1.com/d_driver_fallback_image.png/content/dam/fom-website/drivers/L/LANNOR01_Lando_Norris/lannor01.png.transform/1col/image.png,13,7,,6.0,103,10.3,9.0,9.0,6.0,0.2,0.9,-2.9
NOR,Lando Norris,McLaren,Hungarian,Hungarian Grand Prix,25,0,188,5,5e,https://media.formula1.com/d_driver_fallback_image.png/content/dam/fom-website/drivers/L/LANNOR01_Lando_Norris/lannor01.png.transform/1col/image.png,1,1,🥇,0.0,128,11.636363636363637,14.0,8.272727272727273,5.0,0.2727272727272727,0.9090909090909091,-2.6363636363636362
NOR,Lando Norris,McLaren,Dutch*,Dutch Grand Prix,31,6,188,5,5e,https://media.formula1.com/d_driver_fallback_image.png/content/dam/fom-website/drivers/L/LANNOR01_Lando_Norris/lannor01.png.transform/1col/image.png,1,1,🥇,0.0,159,13.25,17.2,7.666666666666667,5.0,0.3333333333333333,0.9166666666666666,-2.4166666666666665
NOR,Lando Norris,McLaren,Italian,Italian Grand Prix,12,0,188,5,5e,https://media.formula1.com/d_driver_fallback_image.png/content/dam/fom-website/drivers/L/LANNOR01_Lando_Norris/lannor01.png.transform/1col/image.png,8,4,,4.0,171,13.153846153846153,18.4,7.384615384615385,5.0,0.3076923076923077,0.9230769230769231,-1.9230769230769231
NOR,Lando Norris,McLaren,Madrid,Spanish Grand Prix,15,0,188,5,5e,https://media.formula1.com/d_driver_fallback_image.png/content/dam/fom-website/drivers/L/LANNOR01_Lando_Norris/lannor01.png.transform/1col/image.png,1,3,🥉,-2.0,186,13.285714285714286,17.8,7.071428571428571,4.5,0.35714285714285715,0.9285714285714286,-1.9285714285714286
NOR,Lando Norris,McLaren,Azerbaijan,Azerbaijan Grand Prix,0,0,188,5,5e,https://media.formula1.com/d_driver_fallback_image.png/content/dam/fom-website/drivers/L/LANNOR01_Lando_Norris/lannor01.png.transform/1col/image.png,5,19,,-14.0,186,12.4,16.6,7.866666666666666,5.0,0.3333333333333333,0.8666666666666667,-2.7333333333333334
NOR,Lando Norris,McLaren,Bahrain,Bahrain Grand Prix,2,0,188,5,5e,https://media.formula1.com/d_driver_fallback_image.png/content/dam/fom-website/drivers/L/LANNOR01_Lando_Norris/lannor01.png.transform/1col/image.png,5,9,,-4.0,188,11.75,12.0,7.9375,5.0,0.3125,0.875,-2.8125
VER,Max Verstappen,Red Bull Racing,Australian,Australian Grand Prix,8,0,188,5,5e,https://media.formula1.com/d_driver_fallback_image.png/content/dam/fom-website/drivers/M/MAXVER01_Max_Verstappen/maxver01.png.transform/1col/image.png,20,6,,14.0,8,8.0,8.0,6.0,6.0,0.0,1.0,14.0
VER,Max Verstappen,Red Bull Racing,Chinese*,Chinese Grand Prix,0,0,188,5,5e,https://media.formula1.com/d_driver_fallback_image.png/content/dam/fom-website/drivers/M/MAXVER01_Max_Verstappen/maxver01.png.transform/1col/image.png,8,16,,-8.0,8,4.0,4.0,11.0,11.0,0.0,0.5,3.0
VER,Max Verstappen,Red Bull Racing,Japanese,Japanese Grand Prix,4,0,188,5,5e,https://media.formula1.com/d_driver_fallback_image.png/content/dam/fom-website/drivers/M/MAXVER01_Max_Verstappen/maxver01.png.transform/1col/image.png,11,8,,3.0,12,4.0,4.0,10.0,8.0,0.0,0.6666666666666666,3.0
VER,Max Verstappen,Red Bull Racing,Miami*,Miami Grand Prix,14,4,188,5,5e,https://media.formula1.com/d_driver_fallback_image.png/content/dam/fom-website/drivers/M/MAXVER01_Max_Verstappen/maxver01.png.transform/1col/image.png,2,5,,-3.0,26,6.5,6.5,8.75,7.0,0.0,0.75,1.5
VER,Max Verstappen,Red Bull Racing,Canadian*,Canadian Grand Prix,17,2,188,5,5e,https://media.formula1.com/d_driver_fallback_image.png/content/dam/fom-website/drivers/M/MAXVER01_Max_Verstappen/maxver01.png.transform/1col/image.png,6,3,🥉,3.0,43,8.6,8.6,7.6,6.0,0.2,0.8,1.8
VER,Max Verstappen,Red Bull Racing,Monaco,Monaco Grand Prix,0,0,188,5,5e,https://media.formula1.com/d_driver_fallback_image.png/content/dam/fom-website/drivers/M/MAXVER01_Max_Verstappen/maxver01.png.transform/1col/image.png,2,22,,-20.0,43,7.166666666666667,7.0,10.0,7.0,0.16666666666666666,0.6666666666666666,-1.8333333333333333
VER,Max Verstappen,Red Bull Racing,Barcelona,Barcelona Grand Prix,12,0,188,5,5e,https://media.formula1.com/d_driver_fallback_image.png/content/dam/fom-website/drivers/M/MAXVER01_Max_Verstappen/maxver01.png.transform/1col/image.png,5,4,,1.0,55,7.857142857142857,9.4,9.142857142857142,6.0,0.14285714285714285,0.7142857142857143,-1.4285714285714286
VER,Max Verstappen,Red Bull Racing,Austrian,Austrian Grand Prix,18,0,188,5,5e,https://media.formula1.com/d_driver_fallback_image.png/content/dam/fom-website/drivers/M/MAXVER01_Max_Verstappen/maxver01.png.transform/1col/image.png,5,2,🥈,3.0,73,9.125,12.2,8.25,5.5,0.25,0.75,-0.875
VER,Max Verstappen,Red Bull Racing,British*,British Grand Prix,3,3,188,5,5e,https://media.formula1.com/d_driver_fallback_image.png/content/dam/fom-website/drivers/M/MAXVER01_Max_Verstappen/maxver01.png.transform/1col/image.png,7,20,,-13.0,76,8.444444444444445,10.0,9.555555555555555,6.0,0.2222222222222222,0.7777777777777778,-2.2222222222222223
VER,Max Verstappen,Red Bull Racing,Belgian,Belgian Grand Prix,15,0,188,5,5e,https://media.formula1.com/d_driver_fallback_image.png/content/dam/fom-website/drivers/M/MAXVER01_Max_Verstappen/maxver01.png.transform/1col/image.png,2,3,🥉,-1.0,91,9.1,9.6,8.9,5.5,0.3,0.8,-2.1
VER,Max Verstappen,Red Bull Racing,Hungarian,Hungarian Grand Prix,18,0,188,5,5e,https://media.formula1.com/d_driver_fallback_image.png/content/dam/fom-website/drivers/M/MAXVER01_Max_Verstappen/maxver01.png.transform/1col/image.png,4,2,🥈,2.0,109,9.909090909090908,13.2,8.272727272727273,5.0,0.36363636363636365,0.8181818181818182,-1.7272727272727273
VER,Max Verstappen,Red Bull Racing,Dutch*,Dutch Grand Prix,3,3,188,5,5e,https://media.formula1.com/d_driver_fallback_image.png/content/dam/fom-website/drivers/M/MAXVER01_Max_Verstappen/maxver01.png.transform/1col/image.png,7,22,,-15.0,112,9.333333333333334,11.4,9.416666666666666,5.5,0.3333333333333333,0.8333333333333334,-2.8333333333333335
VER,Max Verstappen,Red Bull Racing,Italian,Italian Grand Prix,15,0,188,5,5e,https://media.formula1.com/d_driver_fallback_image.png/content/dam/fom-website/drivers/M/MAXVER01_Max_Verstappen/maxver01.png.transform/1col/image.png,5,3,🥉,2.0,127,9.76923076923077,10.8,8.923076923076923,5.0,0.38461538461538464,0.8461538461538461,-2.4615384615384617
VER,Max Verstappen,Red Bull Racing,Madrid,Spanish Grand Prix,18,0,188,5,5e,https://media.formula1.com/d_driver_fallback_image.png/content/dam/fom-website/drivers/M/MAXVER01_Max_Verstappen/maxver01.png.transform/1col/image.png,3,2,🥈,1.0,145,10.357142857142858,13.8,8.428571428571429,4.5,0.42857142857142855,0.8571428571428571,-2.2142857142857144
VER,Max Verstappen,Red Bull Racing,Azerbaijan,Azerbaijan Grand Prix,18,0,188,5,5e,https://media.formula1.com/d_driver_fallback_image.png/content/dam/fom-website/drivers/M/MAXVER01_Max_Verstappen/maxver01.png.transform/1col/image.png,8,2,🥈,6.0,163,10.866666666666667,14.4,8.0,4.0,0.4666666666666667,0.8666666666666667,-1.6666666666666667
VER,Max Verstappen,Red Bull Racing,Bahrain,Bahrain Grand Prix,25,0,188,5,5e,https://media.formula1.com/d_driver_fallback_image.png/content/dam/fom-website/drivers/M/MAXVER01_Max_Verstappen/maxver01.png.transform/1col/image.png,1,1,🥇,0.0,188,11.75,15.8,7.5625,3.5,0.5,0.875,-1.5625
PIA,Oscar Piastri,McLaren,Australian,Australian Grand Prix,0,0,128,7,7e,https://media.formula1.com/d_driver_fallback_image.png/content/dam/fom-website/drivers/O/OSCPIA01_Oscar_Piastri/oscpia01.png.transform/1col/image.png,5,21,,-16.0,0,0.0,0.0,21.0,21.0,0.0,0.0,-16.0
PIA,Oscar Piastri,McLaren,Chinese*,Chinese Grand Prix,3,3,128,7,7e,https://media.formula1.com/d_driver_fallback_image.png/content/dam/fom-website/drivers/O/OSCPIA01_Oscar_Piastri/oscpia01.png.transform/1col/image.png,5,19,,-14.0,3,1.5,1.5,20.0,20.0,0.0,0.5,-15.0
PIA,Oscar Piastri,McLaren,Japanese,Japanese Grand Prix,18,0,128,7,7e,https://media.formula1.com/d_driver_fallback_image.png/content/dam/fom-website/drivers/O/OSCPIA01_Oscar_Piastri/oscpia01.png.transform/1col/image.png,3,2,🥈,1.0,21,7.0,7.0,14.0,19.0,0.3333333333333333,0.6666666666666666,-9.666666666666666
PIA,Oscar Piastri,McLaren,Miami*,Miami Grand Prix,22,7,128,7,7e,https://media.formula1.com/d_driver_fallback_image.png/content/dam/fom-website/drivers/O/OSCPIA01_Oscar_Piastri/oscpia01.png.transform/1col/image.png,7,3,🥉,4.0,43,10.75,10.75,11.25,11.0,0.5,0.75,-6.25
PIA,Oscar Piastri,McLaren,Canadian*,Canadian Grand Prix,5,5,128,7,7e,https://media.formula1.com/d_driver_fallback_image.png/content/dam/fom-website/drivers/O/OSCPIA01_Oscar_Piastri/oscpia01.png.transform/1col/image.png,4,11,,-7.0,48,9.6,9.6,11.2,11.0,0.4,0.8,-6.4
PIA,Oscar Piastri,McLaren,Monaco,Monaco Grand Prix,12,0,128,7,7e,https://media.formula1.com/d_driver_fallback_image.png/content/dam/fom-website/drivers/O/OSCPIA01_Oscar_Piastri/oscpia01.png.transform/1col/image.png,7,4,,3.0,60,10.0,12.0,10.0,7.5,0.3333333333333333,0.8333333333333334,-4.833333333333333
PIA,Oscar Piastri,McLaren,Barcelona,Barcelona Grand Prix,10,0,128,7,7e,https://media.formula1.com/d_driver_fallback_image.png/content/dam/fom-website/drivers/O/OSCPIA01_Oscar_Piastri/oscpia01.png.transform/1col/image.png,7,5,,2.0,70,10.0,13.4,9.285714285714286,5.0,0.2857142857142857,0.8571428571428571,-3.857142857142857
PIA,Oscar Piastri,McLaren,Austrian,Austrian Grand Prix,12,0,128,7,7e,https://media.formula1.com/d_driver_fallback_image.png/content/dam/fom-website/drivers/O/OSCPIA01_Oscar_Piastri/oscpia01.png.transform/1col/image.png,7,4,,3.0,82,10.25,12.2,8.625,4.5,0.25,0.875,-3.0
PIA,Oscar Piastri,McLaren,British*,British Grand Prix,2,2,128,7,7e,https://media.formula1.com/d_driver_fallback_image.png/content/dam/fom-website/drivers/O/OSCPIA01_Oscar_Piastri/oscpia01.png.transform/1col/image.png,8,11,,-3.0,84,9.333333333333334,8.2,8.88888888888889,5.0,0.2222222222222222,0.8888888888888888,-3.0
PIA,Oscar Piastri,McLaren,Belgian,Belgian Grand Prix,10,0,128,7,7e,https://media.formula1.com/d_driver_fallback_image.png/content/dam/fom-website/drivers/O/OSCPIA01_Oscar_Piastri/oscpia01.png.transform/1col/image.png,6,5,,1.0,94,9.4,9.2,8.5,5.0,0.2,0.9,-2.6
PIA,Oscar Piastri,McLaren,Hungarian,Hungarian Grand Prix,0,0,128,7,7e,https://media.formula1.com/d_driver_fallback_image.png/content/dam/fom-website/drivers/O/OSCPIA01_Oscar_Piastri/oscpia01.png.transform/1col/image.png,3,20,,-17.0,94,8.545454545454545,6.8,9.545454545454545,5.0,0.18181818181818182,0.8181818181818182,-3.909090909090909
PIA,Oscar Piastri,McLaren,Dutch*,Dutch Grand Prix,12,4,128,7,7e,https://media.formula1.com/d_driver_fallback_image.png/content/dam/fom-website/drivers/O/OSCPIA01_Oscar_Piastri/oscpia01.png.transform/1col/image.png,4,6,,-2.0,106,8.833333333333334,7.2,9.25,5.5,0.16666666666666666,0.8333333333333334,-3.75
PIA,Oscar Piastri,McLaren,Italian,Italian Grand Prix,10,0,128,7,7e,https://media.formula1.com/d_driver_fallback_image.png/content/dam/fom-website/drivers/O/OSCPIA01_Oscar_Piastri/oscpia01.png.transform/1col/image.png,6,5,,1.0,116,8.923076923076923,6.8,8.923076923076923,5.0,0.15384615384615385,0.8461538461538461,-3.3846153846153846
PIA,Oscar Piastri,McLaren,Madrid,Spanish Grand Prix,4,0,128,7,7e,https://media.formula1.com/d_driver_fallback_image.png/content/dam/fom-website/drivers/O/OSCPIA01_Oscar_Piastri/oscpia01.png.transform/1col/image.png,7,8,,-1.0,120,8.571428571428571,7.2,8.857142857142858,5.5,0.14285714285714285,0.8571428571428571,-3.2142857142857144
PIA,Oscar Piastri,McLaren,Azerbaijan,Azerbaijan Grand Prix,0,0,128,7,7e,https://media.formula1.com/d_driver_fallback_image.png/content/dam/fom-website/drivers/O/OSCPIA01_Oscar_Piastri/oscpia01.png.transform/1col/image.png,3,13,,-10.0,120,8.0,5.2,9.133333333333333,6.0,0.13333333333333333,0.8,-3.6666666666666665
PIA,Oscar Piastri,McLaren,Bahrain,Bahrain Grand Prix,8,0,128,7,7e,https://media.formula1.com/d_driver_fallback_image.png/content/dam/fom-website/drivers/O/OSCPIA01_Oscar_Piastri/oscpia01.png.transform/1col/image.png,6,6,,0.0,128,8.0,6.8,8.9375,6.0,0.125,0.8125,-3.4375
HAD,Isack Hadjar,Red Bull Racing,Australian,Australian Grand Prix,0,0,96,8,8e,https://media.formula1.com/d_driver_fallback_image.png/content/dam/fom-website/drivers/I/ISAHAD01_Isack_Hadjar/isahad01.png.transform/1col/image.png,3,20,,-17.0,0,0.0,0.0,20.0,20.0,0.0,0.0,-17.0
HAD,Isack Hadjar,Red Bull Racing,Chinese*,Chinese Grand Prix,4,0,96,8,8e,https://media.formula1.com/d_driver_fallback_image.png/content/dam/fom-website/drivers/I/ISAHAD01_Isack_Hadjar/isahad01.png.transform/1col/image.png,9,8,,1.0,4,2.0,2.0,14.0,14.0,0.0,0.5,-8.0
HAD,Isack Hadjar,Red Bull Racing,Japanese,Japanese Grand Prix,0,0,96,8,8e,https://media.formula1.com/d_driver_fallback_image.png/content/dam/fom-website/drivers/I/ISAHAD01_Isack_Hadjar/isahad01.png.transform/1col/image.png,8,12,,-4.0,4,1.3333333333333333,1.3333333333333333,13.333333333333334,12.0,0.0,0.3333333333333333,-6.666666666666667
HAD,Isack Hadjar,Red Bull Racing,Miami*,Miami Grand Prix,0,0,96,8,8e,https://media.formula1.com/d_driver_fallback_image.png/content/dam/fom-website/drivers/I/ISAHAD01_Isack_Hadjar/isahad01.png.transform/1col/image.png,22,22,,0.0,4,1.0,1.0,15.5,16.0,0.0,0.25,-5.0
HAD,Isack Hadjar,Red Bull Racing,Canadian*,Canadian Grand Prix,10,0,96,8,8e,https://media.formula1.com/d_driver_fallback_image.png/content/dam/fom-website/drivers/I/ISAHAD01_Isack_Hadjar/isahad01.png.transform/1col/image.png,7,5,,2.0,14,2.8,2.8,13.4,12.0,0.0,0.4,-3.6
HAD,Isack Hadjar,Red Bull Racing,Monaco,Monaco Grand Prix,15,0,96,8,8e,https://media.formula1.com/d_driver_fallback_image.png/content/dam/fom-website/drivers/I/ISAHAD01_Isack_Hadjar/isahad01.png.transform/1col/image.png,5,3,🥉,2.0,29,4.833333333333333,5.8,11.666666666666666,10.0,0.16666666666666666,0.5,-2.6666666666666665
HAD,Isack Hadjar,Red Bull Racing,Barcelona,Barcelona Grand Prix,8,0,96,8,8e,https://media.formula1.com/d_driver_fallback_image.png/content/dam/fom-website/drivers/I/ISAHAD01_Isack_Hadjar/isahad01.png.transform/1col/image.png,6,6,,0.0,37,5.285714285714286,6.6,10.857142857142858,8.0,0.14285714285714285,0.5714285714285714,-2.2857142857142856
HAD,Isack Hadjar,Red Bull Racing,Austrian,Austrian Grand Prix,8,0,96,8,8e,https://media.formula1.com/d_driver_fallback_image.png/content/dam/fom-website/drivers/I/ISAHAD01_Isack_Hadjar/isahad01.png.transform/1col/image.png,8,6,,2.0,45,5.625,8.2,10.25,7.0,0.125,0.625,-1.75
HAD,Isack Hadjar,Red Bull Racing,British*,British Grand Prix,10,0,96,8,8e,https://media.formula1.com/d_driver_fallback_image.png/content/dam/fom-website/drivers/I/ISAHAD01_Isack_Hadjar/isahad01.png.transform/1col/image.png,5,5,,0.0,55,6.111111111111111,10.2,9.666666666666666,6.0,0.1111111111111111,0.6666666666666666,-1.5555555555555556
HAD,Isack Hadjar,Red Bull Racing,Belgian,Belgian Grand Prix,8,0,96,8,8e,https://media.formula1.com/d_driver_fallback_image.png/content/dam/fom-website/drivers/I/ISAHAD01_Isack_Hadjar/isahad01.png.transform/1col/image.png,21,6,,15.0,63,6.3,9.8,9.3,6.0,0.1,0.7,0.1
HAD,Isack Hadjar,Red Bull Racing,Hungarian,Hungarian Grand Prix,8,0,96,8,8e,https://media.formula1.com/d_driver_fallback_image.png/content/dam/fom-website/drivers/I/ISAHAD01_Isack_Hadjar/isahad01.png.transform/1col/image.png,8,6,,2.0,71,6.454545454545454,8.4,9.0,6.0,0.09090909090909091,0.7272727272727273,0.2727272727272727
HAD,Isack Hadjar,Red Bull Racing,Azerbaijan,Azerbaijan Grand Prix,15,0,96,8,8e,https://media.formula1.com/d_driver_fallback_image.png/content/dam/fom-website/drivers/I/ISAHAD01_Isack_Hadjar/isahad01.png.transform/1col/image.png,4,3,🥉,1.0,86,7.166666666666667,9.8,8.5,6.0,0.16666666666666666,0.75,0.3333333333333333
HAD,Isack Hadjar,Red Bull Racing,Bahrain,Bahrain Grand Prix,10,0,96,8,8e,https://media.formula1.com/d_driver_fallback_image.png/content/dam/fom-website/drivers/I/ISAHAD01_Isack_Hadjar/isahad01.png.transform/1col/image.png,8,5,,3.0,96,7.384615384615385,10.2,8.23076923076923,6.0,0.15384615384615385,0.7692307692307693,0.5384615384615384
LAW,Liam Lawson,Racing Bulls,Australian,Australian Grand Prix,0,0,65,9,9e,https://media.formula1.com/d_driver_fallback_image.png/content/dam/fom-website/drivers/L/LIALAW01_Liam_Lawson/lialaw01.png.transform/1col/image.png,8,13,,-5.0,0,0.0,0.0,13.0,13.0,0.0,0.0,-5.0
LAW,Liam Lawson,Racing Bulls,Chinese*,Chinese Grand Prix,8,2,65,9,9e,https://media.formula1.com/d_driver_fallback_image.png/content/dam/fom-website/drivers/L/LIALAW01_Liam_Lawson/lialaw01.png.transform/1col/image.png,14,7,,7.0,8,4.0,4.0,10.0,10.0,0.0,0.5,1.0
LAW,Liam Lawson,Racing Bulls,Japanese,Japanese Grand Prix,2,0,65,9,9e,https://media.formula1.com/d_driver_fallback_image.png/content/dam/fom-website/drivers/L/LIALAW01_Liam_Lawson/lialaw01.png.transform/1col/image.png,14,9,,5.0,10,3.3333333333333335,3.3333333333333335,9.666666666666666,9.0,0.0,0.6666666666666666,2.3333333333333335
LAW,Liam Lawson,Racing Bulls,Miami*,Miami Grand Prix,0,0,65,9,9e,https://media.formula1.com/d_driver_fallback_image.png/content/dam/fom-website/drivers/L/LIALAW01_Liam_Lawson/lialaw01.png.transform/1col/image.png,11,20,,-9.0,10,2.5,2.5,12.25,11.0,0.0,0.5,-0.5
LAW,Liam Lawson,Racing Bulls,Canadian*,Canadian Grand Prix,6,0,65,9,9e,https://media.formula1.com/d_driver_fallback_image.png/content/dam/fom-website/drivers/L/LIALAW01_Liam_Lawson/lialaw01.png.transform/1col/image.png,12,7,,5.0,16,3.2,3.2,11.2,9.0,0.0,0.6,0.6
LAW,Liam Lawson,Racing Bulls,Monaco,Monaco Grand Prix,10,0,65,9,9e,https://media.formula1.com/d_driver_fallback_image.png/content/dam/fom-website/drivers/L/LIALAW01_Liam_Lawson/lialaw01.png.transform/1col/image.png,10,5,,5.0,26,4.333333333333333,5.2,10.166666666666666,8.0,0.0,0.6666666666666666,1.3333333333333333
LAW,Liam Lawson,Racing Bulls,Barcelona,Barcelona Grand Prix,4,0,65,9,9e,https://media.formula1.com/d_driver_fallback_image.png/content/dam/fom-website/drivers/L/LIALAW01_Liam_Lawson/lialaw01.png.transform/1col/image.png,8,8,,0.0,30,4.285714285714286,4.4,9.857142857142858,8.0,0.0,0.7142857142857143,1.1428571428571428
LAW,Liam Lawson,Racing Bulls,Austrian,Austrian Grand Prix,2,0,65,9,9e,https://media.formula1.com/d_driver_fallback_image.png/content/dam/fom-website/drivers/L/LIALAW01_Liam_Lawson/lialaw01.png.transform/1col/image.png,9,9,,0.0,32,4.0,4.4,9.75,8.5,0.0,0.75,1.0
LAW,Liam Lawson,Racing Bulls,British*,British Grand Prix,9,1,65,9,9e,https://media.formula1.com/d_driver_fallback_image.png/content/dam/fom-website/drivers/L/LIALAW01_Liam_Lawson/lialaw01.png.transform/1col/image.png,10,6,,4.0,41,4.555555555555555,6.2,9.333333333333334,8.0,0.0,0.7777777777777778,1.3333333333333333
LAW,Liam Lawson,Racing Bulls,Belgian,Belgian Grand Prix,0,0,65,9,9e,https://media.formula1.com/d_driver_fallback_image.png/content/dam/fom-website/drivers/L/LIALAW01_Liam_Lawson/lialaw01.png.transform/1col/image.png,9,12,,-3.0,41,4.1,5.0,9.6,8.5,0.0,0.7,0.9
LAW,Liam Lawson,Racing Bulls,Hungarian,Hungarian Grand Prix,4,0,65,9,9e,https://media.formula1.com/d_driver_fallback_image.png/content/dam/fom-website/drivers/L/LIALAW01_Liam_Lawson/lialaw01.png.transform/1col/image.png,11,8,,3.0,45,4.090909090909091,3.8,9.454545454545455,8.0,0.0,0.7272727272727273,1.0909090909090908
LAW,Liam Lawson,Red Bull Racing,Dutch*,Dutch Grand Prix,6,0,65,9,9e,https://media.formula1.com/d_driver_fallback_image.png/content/dam/fom-website/drivers/L/LIALAW01_Liam_Lawson/lialaw01.png.transform/1col/image.png,8,7,,1.0,51,4.25,4.2,9.25,8.0,0.0,0.75,1.0833333333333333
LAW,Liam Lawson,Red Bull Racing,Italian,Italian Grand Prix,0,0,65,9,9e,https://media.formula1.com/d_driver_fallback_image.png/content/dam/fom-website/drivers/L/LIALAW01_Liam_Lawson/lialaw01.png.transform/1col/image.png,22,14,,8.0,51,3.923076923076923,3.8,9.615384615384615,8.0,0.0,0.6923076923076923,1.6153846153846154
LAW,Liam Lawson,Red Bull Racing,Madrid,Spanish Grand Prix,8,0,65,9,9e,https://media.formula1.com/d_driver_fallback_image.png/content/dam/fom-website/drivers/L/LIALAW01_Liam_Lawson/lialaw01.png.transform/1col/image.png,8,6,,2.0,59,4.214285714285714,3.6,9.357142857142858,8.0,0.0,0.7142857142857143,1.6428571428571428
LAW,Liam Lawson,Racing Bulls,Azerbaijan,Azerbaijan Grand Prix,0,0,65,9,9e,https://media.formula1.com/d_driver_fallback_image.png/content/dam/fom-website/drivers/L/LIALAW01_Liam_Lawson/lialaw01.png.transform/1col/image.png,11,12,,-1.0,59,3.933333333333333,3.6,9.533333333333333,8.0,0.0,0.6666666666666666,1.4666666666666666
LAW,Liam Lawson,Racing Bulls,Bahrain,Bahrain Grand Prix,6,0,65,9,9e,https://media.formula1.com/d_driver_fallback_image.png/content/dam/fom-website/drivers/L/LIALAW01_Liam_Lawson/lialaw01.png.transform/1col/image.png,11,7,,4.0,65,4.0625,4.0,9.375,8.0,0.0,0.6875,1.625
GAS,Pierre Gasly,Alpine,Australian,Australian Grand Prix,1,0,41,10,10e,https://media.formula1.com/d_driver_fallback_image.png/content/dam/fom-website/drivers/P/PIEGAS01_Pierre_Gasly/piegas01.png.transform/1col/image.png,14,10,,4.0,1,1.0,1.0,10.0,10.0,0.0,1.0,4.0
GAS,Pierre Gasly,Alpine,Chinese*,Chinese Grand Prix,8,0,41,10,10e,https://media.formula1.com/d_driver_fallback_image.png/content/dam/fom-website/drivers/P/PIEGAS01_Pierre_Gasly/piegas01.png.transform/1col/image.png,7,6,,1.0,9,4.5,4.5,8.0,8.0,0.0,1.0,2.5
GAS,Pierre Gasly,Alpine,Japanese,Japanese Grand Prix,6,0,41,10,10e,https://media.formula1.com/d_driver_fallback_image.png/content/dam/fom-website/drivers/P/PIEGAS01_Pierre_Gasly/piegas01.png.transform/1col/image.png,7,7,,0.0,15,5.0,5.0,7.666666666666667,7.0,0.0,1.0,1.6666666666666667
GAS,Pierre Gasly,Alpine,Miami*,Miami Grand Prix,1,1,41,10,10e,https://media.formula1.com/d_driver_fallback_image.png/content/dam/fom-website/drivers/P/PIEGAS01_Pierre_Gasly/piegas01.png.transform/1col/image.png,9,21,,-12.0,16,4.0,4.0,11.0,8.5,0.0,1.0,-1.75
GAS,Pierre Gasly,Alpine,Canadian*,Canadian Grand Prix,4,0,41,10,10e,https://media.formula1.com/d_driver_fallback_image.png/content/dam/fom-website/drivers/P/PIEGAS01_Pierre_Gasly/piegas01.png.transform/1col/image.png,14,8,,6.0,20,4.0,4.0,10.4,8.0,0.0,1.0,-0.2
GAS,Pierre Gasly,Alpine,Monaco,Monaco Grand Prix,6,0,41,10,10e,https://media.formula1.com/d_driver_fallback_image.png/content/dam/fom-website/drivers/P/PIEGAS01_Pierre_Gasly/piegas01.png.transform/1col/image.png,9,7,,2.0,26,4.333333333333333,5.0,9.833333333333334,7.5,0.0,1.0,0.16666666666666666
GAS,Pierre Gasly,Alpine,Barcelona,Barcelona Grand Prix,6,0,41,10,10e,https://media.formula1.com/d_driver_fallback_image.png/content/dam/fom-website/drivers/P/PIEGAS01_Pierre_Gasly/piegas01.png.transform/1col/image.png,14,7,,7.0,32,4.571428571428571,4.6,9.428571428571429,7.0,0.0,1.0,1.1428571428571428
GAS,Pierre Gasly,Alpine,Austrian,Austrian Grand Prix,0,0,41,10,10e,https://media.formula1.com/d_driver_fallback_image.png/content/dam/fom-website/drivers/P/PIEGAS01_Pierre_Gasly/piegas01.png.transform/1col/image.png,11,13,,-2.0,32,4.0,3.4,9.875,7.5,0.0,0.875,0.75
GAS,Pierre Gasly,Alpine,British*,British Grand Prix,1,0,41,10,10e,https://media.formula1.com/d_driver_fallback_image.png/content/dam/fom-website/drivers/P/PIEGAS01_Pierre_Gasly/piegas01.png.transform/1col/image.png,15,10,,5.0,33,3.6666666666666665,3.4,9.88888888888889,8.0,0.0,0.8888888888888888,1.2222222222222223
GAS,Pierre Gasly,Alpine,Belgian,Belgian Grand Prix,0,0,41,10,10e,https://media.formula1.com/d_driver_fallback_image.png/content/dam/fom-website/drivers/P/PIEGAS01_Pierre_Gasly/piegas01.png.transform/1col/image.png,10,11,,-1.0,33,3.3,2.6,10.0,9.0,0.0,0.8,1.0
GAS,Pierre Gasly,Alpine,Hungarian,Hungarian Grand Prix,0,0,41,10,10e,https://media.formula1.com/d_driver_fallback_image.png/content/dam/fom-website/drivers/P/PIEGAS01_Pierre_Gasly/piegas01.png.transform/1col/image.png,12,12,,0.0,33,3.0,1.4,10.181818181818182,10.0,0.0,0.7272727272727273,0.9090909090909091
GAS,Pierre Gasly,Alpine,Dutch*,Dutch Grand Prix,2,1,41,10,10e,https://media.formula1.com/d_driver_fallback_image.png/content/dam/fom-website/drivers/P/PIEGAS01_Pierre_Gasly/piegas01.png.transform/1col/image.png,11,10,,1.0,35,2.9166666666666665,0.6,10.166666666666666,10.0,0.0,0.75,0.9166666666666666
GAS,Pierre Gasly,Alpine,Italian,Italian Grand Prix,6,0,41,10,10e,https://media.formula1.com/d_driver_fallback_image.png/content/dam/fom-website/drivers/P/PIEGAS01_Pierre_Gasly/piegas01.png.transform/1col/image.png,1,7,,-6.0,41,3.1538461538461537,1.8,9.923076923076923,10.0,0.0,0.7692307692307693,0.38461538461538464
GAS,Pierre Gasly,Alpine,Madrid,Spanish Grand Prix,0,0,41,10,10e,https://media.formula1.com/d_driver_fallback_image.png/content/dam/fom-website/drivers/P/PIEGAS01_Pierre_Gasly/piegas01.png.transform/1col/image.png,14,12,,2.0,41,2.9285714285714284,1.6,10.071428571428571,10.0,0.0,0.7142857142857143,0.5
GAS,Pierre Gasly,Alpine,Azerbaijan,Azerbaijan Grand Prix,0,0,41,10,10e,https://media.formula1.com/d_driver_fallback_image.png/content/dam/fom-website/drivers/P/PIEGAS01_Pierre_Gasly/piegas01.png.transform/1col/image.png,7,18,,-11.0,41,2.7333333333333334,1.6,10.6,10.0,0.0,0.6666666666666666,-0.26666666666666666
GAS,Pierre Gasly,Alpine,Bahrain,Bahrain Grand Prix,0,0,41,10,10e,https://media.formula1.com/d_driver_fallback_image.png/content/dam/fom-website/drivers/P/PIEGAS01_Pierre_Gasly/piegas01.png.transform/1col/image.png,9,16,,-7.0,41,2.5625,1.6,10.9375,10.0,0.0,0.625,-0.6875
LIN,Arvid Lindblad,Racing Bulls,Australian,Australian Grand Prix,4,0,38,11,11e,https://media.formula1.com/d_driver_fallback_image.png/content/dam/fom-website/drivers/A/ARVLIN01_Arvid_Lindblad/arvlin01.png.transform/1col/image.png,9,8,,1.0,4,4.0,4.0,8.0,8.0,0.0,1.0,1.0
LIN,Arvid Lindblad,Racing Bulls,Chinese*,Chinese Grand Prix,0,0,38,11,11e,https://media.formula1.com/d_driver_fallback_image.png/content/dam/fom-website/drivers/A/ARVLIN01_Arvid_Lindblad/arvlin01.png.transform/1col/image.png,15,12,,3.0,4,2.0,2.0,10.0,10.0,0.0,0.5,2.0
LIN,Arvid Lindblad,Racing Bulls,Japanese,Japanese Grand Prix,0,0,38,11,11e,https://media.formula1.com/d_driver_fallback_image.png/content/dam/fom-website/drivers/A/ARVLIN01_Arvid_Lindblad/arvlin01.png.transform/1col/image.png,10,14,,-4.0,4,1.3333333333333333,1.3333333333333333,11.333333333333334,12.0,0.0,0.3333333333333333,0.0
LIN,Arvid Lindblad,Racing Bulls,Miami*,Miami Grand Prix,0,0,38,11,11e,https://media.formula1.com/d_driver_fallback_image.png/content/dam/fom-website/drivers/A/ARVLIN01_Arvid_Lindblad/arvlin01.png.transform/1col/image.png,16,14,,2.0,4,1.0,1.0,12.0,13.0,0.0,0.25,0.5
LIN,Arvid Lindblad,Racing Bulls,Canadian*,Canadian Grand Prix,1,1,38,11,11e,https://media.formula1.com/d_driver_fallback_image.png/content/dam/fom-website/drivers/A/ARVLIN01_Arvid_Lindblad/arvlin01.png.transform/1col/image.png,9,22,,-13.0,5,1.0,1.0,14.0,14.0,0.0,0.4,-2.2
LIN,Arvid Lindblad,Racing Bulls,Monaco,Monaco Grand Prix,8,0,38,11,11e,https://media.formula1.com/d_driver_fallback_image.png/content/dam/fom-website/drivers/A/ARVLIN01_Arvid_Lindblad/arvlin01.png.transform/1col/image.png,15,6,,9.0,13,2.1666666666666665,1.8,12.666666666666666,13.0,0.0,0.5,-0.3333333333333333
LIN,Arvid Lindblad,Racing Bulls,Barcelona,Barcelona Grand Prix,2,0,38,11,11e,https://media.formula1.com/d_driver_fallback_image.png/content/dam/fom-website/drivers/A/ARVLIN01_Arvid_Lindblad/arvlin01.png.transform/1col/image.png,11,9,,2.0,15,2.142857142857143,2.2,12.142857142857142,12.0,0.0,0.5714285714285714,0.0
LIN,Arvid Lindblad,Racing Bulls,Austrian,Austrian Grand Prix,1,0,38,11,11e,https://media.formula1.com/d_driver_fallback_image.png/content/dam/fom-website/drivers/A/ARVLIN01_Arvid_Lindblad/arvlin01.png.transform/1col/image.png,10,10,,0.0,16,2.0,2.4,11.875,11.0,0.0,0.625,0.0
LIN,Arvid Lindblad,Racing Bulls,British*,British Grand Prix,6,0,38,11,11e,https://media.formula1.com/d_driver_fallback_image.png/content/dam/fom-website/drivers/A/ARVLIN01_Arvid_Lindblad/arvlin01.png.transform/1col/image.png,9,7,,2.0,22,2.4444444444444446,3.6,11.333333333333334,10.0,0.0,0.6666666666666666,0.2222222222222222
LIN,Arvid Lindblad,Racing Bulls,Belgian,Belgian Grand Prix,2,0,38,11,11e,https://media.formula1.com/d_driver_fallback_image.png/content/dam/fom-website/drivers/A/ARVLIN01_Arvid_Lindblad/arvlin01.png.transform/1col/image.png,7,9,,-2.0,24,2.4,3.8,11.1,9.5,0.0,0.7,0.0
LIN,Arvid Lindblad,Racing Bulls,Hungarian,Hungarian Grand Prix,1,0,38,11,11e,https://media.formula1.com/d_driver_fallback_image.png/content/dam/fom-website/drivers/A/ARVLIN01_Arvid_Lindblad/arvlin01.png.transform/1col/image.png,9,10,,-1.0,25,2.272727272727273,2.4,11.0,10.0,0.0,0.7272727272727273,-0.09090909090909091
LIN,Arvid Lindblad,Racing Bulls,Dutch*,Dutch Grand Prix,0,0,38,11,11e,https://media.formula1.com/d_driver_fallback_image.png/content/dam/fom-website/drivers/A/ARVLIN01_Arvid_Lindblad/arvlin01.png.transform/1col/image.png,10,12,,-2.0,25,2.0833333333333335,2.0,11.083333333333334,10.0,0.0,0.6666666666666666,-0.25
LIN,Arvid Lindblad,Racing Bulls,Italian,Italian Grand Prix,4,0,38,11,11e,https://media.formula1.com/d_driver_fallback_image.png/content/dam/fom-website/drivers/A/ARVLIN01_Arvid_Lindblad/arvlin01.png.transform/1col/image.png,9,8,,1.0,29,2.230769230769231,2.6,10.846153846153847,10.0,0.0,0.6923076923076923,-0.15384615384615385
LIN,Arvid Lindblad,Racing Bulls,Madrid,Spanish Grand Prix,2,0,38,11,11e,https://media.formula1.com/d_driver_fallback_image.png/content/dam/fom-website/drivers/A/ARVLIN01_Arvid_Lindblad/arvlin01.png.transform/1col/image.png,10,9,,1.0,31,2.2142857142857144,1.8,10.714285714285714,9.5,0.0,0.7142857142857143,-0.07142857142857142
LIN,Arvid Lindblad,Racing Bulls,Azerbaijan,Azerbaijan Grand Prix,6,0,38,11,11e,https://media.formula1.com/d_driver_fallback_image.png/content/dam/fom-website/drivers/A/ARVLIN01_Arvid_Lindblad/arvlin01.png.transform/1col/image.png,15,7,,8.0,37,2.466666666666667,2.6,10.466666666666667,9.0,0.0,0.7333333333333333,0.4666666666666667
LIN,Arvid Lindblad,Racing Bulls,Bahrain,Bahrain Grand Prix,1,0,38,11,11e,https://media.formula1.com/d_driver_fallback_image.png/content/dam/fom-website/drivers/A/ARVLIN01_Arvid_Lindblad/arvlin01.png.transform/1col/image.png,22,10,,12.0,38,2.375,2.6,10.4375,9.5,0.0,0.75,1.1875
COL,Franco Colapinto,Alpine,Australian,Australian Grand Prix,0,0,27,12,12e,https://media.formula1.com/d_driver_fallback_image.png/content/dam/fom-website/drivers/F/FRACOL01_Franco_Colapinto/fracol01.png.transform/1col/image.png,16,14,,2.0,0,0.0,0.0,14.0,14.0,0.0,0.0,2.0
COL,Franco Colapinto,Alpine,Chinese*,Chinese Grand Prix,1,0,27,12,12e,https://media.formula1.com/d_driver_fallback_image.png/content/dam/fom-website/drivers/F/FRACOL01_Franco_Colapinto/fracol01.png.transform/1col/image.png,12,10,,2.0,1,0.5,0.5,12.0,12.0,0.0,0.5,2.0
COL,Franco Colapinto,Alpine,Japanese,Japanese Grand Prix,0,0,27,12,12e,https://media.formula1.com/d_driver_fallback_image.png/content/dam/fom-website/drivers/F/FRACOL01_Franco_Colapinto/fracol01.png.transform/1col/image.png,15,16,,-1.0,1,0.3333333333333333,0.3333333333333333,13.333333333333334,14.0,0.0,0.3333333333333333,1.0
COL,Franco Colapinto,Alpine,Miami*,Miami Grand Prix,6,0,27,12,12e,https://media.formula1.com/d_driver_fallback_image.png/content/dam/fom-website/drivers/F/FRACOL01_Franco_Colapinto/fracol01.png.transform/1col/image.png,8,7,,1.0,7,1.75,1.75,11.75,12.0,0.0,0.5,1.0
COL,Franco Colapinto,Alpine,Canadian*,Canadian Grand Prix,8,0,27,12,12e,https://media.formula1.com/d_driver_fallback_image.png/content/dam/fom-website/drivers/F/FRACOL01_Franco_Colapinto/fracol01.png.transform/1col/image.png,10,6,,4.0,15,3.0,3.0,10.6,10.0,0.0,0.6,1.6
COL,Franco Colapinto,Alpine,Monaco,Monaco Grand Prix,0,0,27,12,12e,https://media.formula1.com/d_driver_fallback_image.png/content/dam/fom-website/drivers/F/FRACOL01_Franco_Colapinto/fracol01.png.transform/1col/image.png,14,14,,0.0,15,2.5,3.0,11.166666666666666,12.0,0.0,0.5,1.3333333333333333
COL,Franco Colapinto,Alpine,Barcelona,Barcelona Grand Prix,1,0,27,12,12e,https://media.formula1.com/d_driver_fallback_image.png/content/dam/fom-website/drivers/F/FRACOL01_Franco_Colapinto/fracol01.png.transform/1col/image.png,13,10,,3.0,16,2.2857142857142856,3.0,11.0,10.0,0.0,0.5714285714285714,1.5714285714285714
COL,Franco Colapinto,Alpine,Austrian,Austrian Grand Prix,0,0,27,12,12e,https://media.formula1.com/d_driver_fallback_image.png/content/dam/fom-website/drivers/F/FRACOL01_Franco_Colapinto/fracol01.png.transform/1col/image.png,16,15,,1.0,16,2.0,3.0,11.5,12.0,0.0,0.5,1.5
COL,Franco Colapinto,Alpine,British*,British Grand Prix,2,0,27,12,12e,https://media.formula1.com/d_driver_fallback_image.png/content/dam/fom-website/drivers/F/FRACOL01_Franco_Colapinto/fracol01.png.transform/1col/image.png,19,9,,10.0,18,2.0,2.2,11.222222222222221,10.0,0.0,0.5555555555555556,2.4444444444444446
COL,Franco Colapinto,Alpine,Belgian,Belgian Grand Prix,1,0,27,12,12e,https://media.formula1.com/d_driver_fallback_image.png/content/dam/fom-website/drivers/F/FRACOL01_Franco_Colapinto/fracol01.png.transform/1col/image.png,11,10,,1.0,19,1.9,0.8,11.1,10.0,0.0,0.6,2.3
COL,Franco Colapinto,Alpine,Hungarian,Hungarian Grand Prix,0,0,27,12,12e,https://media.formula1.com/d_driver_fallback_image.png/content/dam/fom-website/drivers/F/FRACOL01_Franco_Colapinto/fracol01.png.transform/1col/image.png,13,15,,-2.0,19,1.7272727272727273,0.8,11.454545454545455,10.0,0.0,0.5454545454545454,1.9090909090909092
COL,Franco Colapinto,Alpine,Dutch*,Dutch Grand Prix,0,0,27,12,12e,https://media.formula1.com/d_driver_fallback_image.png/content/dam/fom-website/drivers/F/FRACOL01_Franco_Colapinto/fracol01.png.transform/1col/image.png,14,14,,0.0,19,1.5833333333333333,0.6,11.666666666666666,12.0,0.0,0.5,1.75
COL,Franco Colapinto,Alpine,Italian,Italian Grand Prix,2,0,27,12,12e,https://media.formula1.com/d_driver_fallback_image.png/content/dam/fom-website/drivers/F/FRACOL01_Franco_Colapinto/fracol01.png.transform/1col/image.png,7,9,,-2.0,21,1.6153846153846154,1.0,11.461538461538462,10.0,0.0,0.5384615384615384,1.4615384615384615
COL,Franco Colapinto,Alpine,Madrid,Spanish Grand Prix,6,0,27,12,12e,https://media.formula1.com/d_driver_fallback_image.png/content/dam/fom-website/drivers/F/FRACOL01_Franco_Colapinto/fracol01.png.transform/1col/image.png,9,7,,2.0,27,1.9285714285714286,1.8,11.142857142857142,10.0,0.0,0.5714285714285714,1.5
COL,Franco Colapinto,Alpine,Azerbaijan,Azerbaijan Grand Prix,0,0,27,12,12e,https://media.formula1.com/d_driver_fallback_image.png/content/dam/fom-website/drivers/F/FRACOL01_Franco_Colapinto/fracol01.png.transform/1col/image.png,9,17,,-8.0,27,1.8,1.6,11.533333333333333,10.0,0.0,0.5333333333333333,0.8666666666666667
COL,Franco Colapinto,Alpine,Bahrain,Bahrain Grand Prix,0,0,27,12,12e,https://media.formula1.com/d_driver_fallback_image.png/content/dam/fom-website/drivers/F/FRACOL01_Franco_Colapinto/fracol01.png.transform/1col/image.png,21,13,,8.0,27,1.6875,1.6,11.625,11.5,0.0,0.5,1.3125
BEA,Oliver Bearman,Haas F1 Team,Australian,Australian Grand Prix,6,0,20,13,13e,https://media.formula1.com/d_driver_fallback_image.png/content/dam/fom-website/drivers/O/OLIBEA01_Oliver_Bearman/olibea01.png.transform/1col/image.png,12,7,,5.0,6,6.0,6.0,7.0,7.0,0.0,1.0,5.0
BEA,Oliver Bearman,Haas F1 Team,Chinese*,Chinese Grand Prix,11,1,20,13,13e,https://media.formula1.com/d_driver_fallback_image.png/content/dam/fom-website/drivers/O/OLIBEA01_Oliver_Bearman/olibea01.png.transform/1col/image.png,10,5,,5.0,17,8.5,8.5,6.0,6.0,0.0,1.0,5.0
BEA,Oliver Bearman,Haas F1 Team,Japanese,Japanese Grand Prix,0,0,20,13,13e,https://media.formula1.com/d_driver_fallback_image.png/content/dam/fom-website/drivers/O/OLIBEA01_Oliver_Bearman/olibea01.png.transform/1col/image.png,18,22,,-4.0,17,5.666666666666667,5.666666666666667,11.333333333333334,7.0,0.0,0.6666666666666666,2.0
BEA,Oliver Bearman,Haas F1 Team,Miami*,Miami Grand Prix,0,0,20,13,13e,https://media.formula1.com/d_driver_fallback_image.png/content/dam/fom-website/drivers/O/OLIBEA01_Oliver_Bearman/olibea01.png.transform/1col/image.png,12,11,,1.0,17,4.25,4.25,11.25,9.0,0.0,0.5,1.75
BEA,Oliver Bearman,Haas F1 Team,Canadian*,Canadian Grand Prix,1,0,20,13,13e,https://media.formula1.com/d_driver_fallback_image.png/content/dam/fom-website/drivers/O/OLIBEA01_Oliver_Bearman/olibea01.png.transform/1col/image.png,16,10,,6.0,18,3.6,3.6,11.0,10.0,0.0,0.6,2.6
BEA,Oliver Bearman,Haas F1 Team,Monaco,Monaco Grand Prix,0,0,20,13,13e,https://media.formula1.com/d_driver_fallback_image.png/content/dam/fom-website/drivers/O/OLIBEA01_Oliver_Bearman/olibea01.png.transform/1col/image.png,19,20,,-1.0,18,3.0,2.4,12.5,10.5,0.0,0.5,2.0
BEA,Oliver Bearman,Haas F1 Team,Barcelona,Barcelona Grand Prix,0,0,20,13,13e,https://media.formula1.com/d_driver_fallback_image.png/content/dam/fom-website/drivers/O/OLIBEA01_Oliver_Bearman/olibea01.png.transform/1col/image.png,15,17,,-2.0,18,2.5714285714285716,0.2,13.142857142857142,11.0,0.0,0.42857142857142855,1.4285714285714286
BEA,Oliver Bearman,Haas F1 Team,Austrian,Austrian Grand Prix,0,0,20,13,13e,https://media.formula1.com/d_driver_fallback_image.png/content/dam/fom-website/drivers/O/OLIBEA01_Oliver_Bearman/olibea01.png.transform/1col/image.png,13,14,,-1.0,18,2.25,0.2,13.25,12.5,0.0,0.375,1.125
BEA,Oliver Bearman,Haas F1 Team,British*,British Grand Prix,0,0,20,13,13e,https://media.formula1.com/d_driver_fallback_image.png/content/dam/fom-website/drivers/O/OLIBEA01_Oliver_Bearman/olibea01.png.transform/1col/image.png,13,12,,1.0,18,2.0,0.2,13.11111111111111,12.0,0.0,0.3333333333333333,1.1111111111111112
BEA,Oliver Bearman,Haas F1 Team,Belgian,Belgian Grand Prix,0,0,20,13,13e,https://media.formula1.com/d_driver_fallback_image.png/content/dam/fom-website/drivers/O/OLIBEA01_Oliver_Bearman/olibea01.png.transform/1col/image.png,14,14,,0.0,18,1.8,0.0,13.2,13.0,0.0,0.3,1.0
BEA,Oliver Bearman,Haas F1 Team,Hungarian,Hungarian Grand Prix,0,0,20,13,13e,https://media.formula1.com/d_driver_fallback_image.png/content/dam/fom-website/drivers/O/OLIBEA01_Oliver_Bearman/olibea01.png.transform/1col/image.png,17,19,,-2.0,18,1.6363636363636365,0.0,13.727272727272727,14.0,0.0,0.2727272727272727,0.7272727272727273
BEA,Oliver Bearman,Haas F1 Team,Dutch*,Dutch Grand Prix,0,0,20,13,13e,https://media.formula1.com/d_driver_fallback_image.png/content/dam/fom-website/drivers/O/OLIBEA01_Oliver_Bearman/olibea01.png.transform/1col/image.png,20,21,,-1.0,18,1.5,0.0,14.333333333333334,14.0,0.0,0.25,0.5833333333333334
BEA,Oliver Bearman,Haas F1 Team,Italian,Italian Grand Prix,0,0,20,13,13e,https://media.formula1.com/d_driver_fallback_image.png/content/dam/fom-website/drivers/O/OLIBEA01_Oliver_Bearman/olibea01.png.transform/1col/image.png,11,15,,-4.0,18,1.3846153846153846,0.0,14.384615384615385,14.0,0.0,0.23076923076923078,0.23076923076923078
BEA,Oliver Bearman,Haas F1 Team,Madrid,Spanish Grand Prix,0,0,20,13,13e,https://media.formula1.com/d_driver_fallback_image.png/content/dam/fom-website/drivers/O/OLIBEA01_Oliver_Bearman/olibea01.png.transform/1col/image.png,22,16,,6.0,18,1.2857142857142858,0.0,14.5,14.5,0.0,0.21428571428571427,0.6428571428571429
BEA,Oliver Bearman,Haas F1 Team,Azerbaijan,Azerbaijan Grand Prix,2,0,20,13,13e,https://media.formula1.com/d_driver_fallback_image.png/content/dam/fom-website/drivers/O/OLIBEA01_Oliver_Bearman/olibea01.png.transform/1col/image.png,10,9,,1.0,20,1.3333333333333333,0.4,14.133333333333333,14.0,0.0,0.26666666666666666,0.6666666666666666
BEA,Oliver Bearman,Haas F1 Team,Bahrain,Bahrain Grand Prix,0,0,20,13,13e,https://media.formula1.com/d_driver_fallback_image.png/content/dam/fom-website/drivers/O/OLIBEA01_Oliver_Bearman/olibea01.png.transform/1col/image.png,16,14,,2.0,20,1.25,0.4,14.125,14.0,0.0,0.25,0.75
BOR,Gabriel Bortoleto,Audi,Australian,Australian Grand Prix,2,0,10,14,14e,https://media.formula1.com/d_driver_fallback_image.png/content/dam/fom-website/drivers/G/GABBOR01_Gabriel_Bortoleto/gabbor01.png.transform/1col/image.png,10,9,,1.0,2,2.0,2.0,9.0,9.0,0.0,1.0,1.0
BOR,Gabriel Bortoleto,Audi,Chinese*,Chinese Grand Prix,0,0,10,14,14e,https://media.formula1.com/d_driver_fallback_image.png/content/dam/fom-website/drivers/G/GABBOR01_Gabriel_Bortoleto/gabbor01.png.transform/1col/image.png,16,21,,-5.0,2,1.0,1.0,15.0,15.0,0.0,0.5,-2.0
BOR,Gabriel Bortoleto,Audi,Japanese,Japanese Grand Prix,0,0,10,14,14e,https://media.formula1.com/d_driver_fallback_image.png/content/dam/fom-website/drivers/G/GABBOR01_Gabriel_Bortoleto/gabbor01.png.transform/1col/image.png,9,13,,-4.0,2,0.6666666666666666,0.6666666666666666,14.333333333333334,13.0,0.0,0.3333333333333333,-2.6666666666666665
BOR,Gabriel Bortoleto,Audi,Miami*,Miami Grand Prix,0,0,10,14,14e,https://media.formula1.com/d_driver_fallback_image.png/content/dam/fom-website/drivers/G/GABBOR01_Gabriel_Bortoleto/gabbor01.png.transform/1col/image.png,21,12,,9.0,2,0.5,0.5,13.75,12.5,0.0,0.25,0.25
BOR,Gabriel Bortoleto,Audi,Canadian*,Canadian Grand Prix,0,0,10,14,14e,https://media.formula1.com/d_driver_fallback_image.png/content/dam/fom-website/drivers/G/GABBOR01_Gabriel_Bortoleto/gabbor01.png.transform/1col/image.png,13,13,,0.0,2,0.4,0.4,13.6,13.0,0.0,0.2,0.2
BOR,Gabriel Bortoleto,Audi,Monaco,Monaco Grand Prix,0,0,10,14,14e,https://media.formula1.com/d_driver_fallback_image.png/content/dam/fom-website/drivers/G/GABBOR01_Gabriel_Bortoleto/gabbor01.png.transform/1col/image.png,16,11,,5.0,2,0.3333333333333333,0.0,13.166666666666666,12.5,0.0,0.16666666666666666,1.0
BOR,Gabriel Bortoleto,Audi,Barcelona,Barcelona Grand Prix,0,0,10,14,14e,https://media.formula1.com/d_driver_fallback_image.png/content/dam/fom-website/drivers/G/GABBOR01_Gabriel_Bortoleto/gabbor01.png.transform/1col/image.png,12,11,,1.0,2,0.2857142857142857,0.0,12.857142857142858,12.0,0.0,0.14285714285714285,1.0
BOR,Gabriel Bortoleto,Audi,Austrian,Austrian Grand Prix,0,0,10,14,14e,https://media.formula1.com/d_driver_fallback_image.png/content/dam/fom-website/drivers/G/GABBOR01_Gabriel_Bortoleto/gabbor01.png.transform/1col/image.png,12,11,,1.0,2,0.25,0.0,12.625,11.5,0.0,0.125,1.0
BOR,Gabriel Bortoleto,Audi,British*,British Grand Prix,4,0,10,14,14e,https://media.formula1.com/d_driver_fallback_image.png/content/dam/fom-website/drivers/G/GABBOR01_Gabriel_Bortoleto/gabbor01.png.transform/1col/image.png,11,8,,3.0,6,0.6666666666666666,0.8,12.11111111111111,11.0,0.0,0.2222222222222222,1.2222222222222223
BOR,Gabriel Bortoleto,Audi,Belgian,Belgian Grand Prix,4,0,10,14,14e,https://media.formula1.com/d_driver_fallback_image.png/content/dam/fom-website/drivers/G/GABBOR01_Gabriel_Bortoleto/gabbor01.png.transform/1col/image.png,8,8,,0.0,10,1.0,1.6,11.7,11.0,0.0,0.3,1.1
BOR,Gabriel Bortoleto,Audi,Hungarian,Hungarian Grand Prix,0,0,10,14,14e,https://media.formula1.com/d_driver_fallback_image.png/content/dam/fom-website/drivers/G/GABBOR01_Gabriel_Bortoleto/gabbor01.png.transform/1col/image.png,14,11,,3.0,10,0.9090909090909091,1.6,11.636363636363637,11.0,0.0,0.2727272727272727,1.2727272727272727
BOR,Gabriel Bortoleto,Audi,Dutch*,Dutch Grand Prix,0,0,10,14,14e,https://media.formula1.com/d_driver_fallback_image.png/content/dam/fom-website/drivers/G/GABBOR01_Gabriel_Bortoleto/gabbor01.png.transform/1col/image.png,9,13,,-4.0,10,0.8333333333333334,1.6,11.75,11.0,0.0,0.25,0.8333333333333334
BOR,Gabriel Bortoleto,Audi,Italian,Italian Grand Prix,0,0,10,14,14e,https://media.formula1.com/d_driver_fallback_image.png/content/dam/fom-website/drivers/G/GABBOR01_Gabriel_Bortoleto/gabbor01.png.transform/1col/image.png,10,11,,-1.0,10,0.7692307692307693,1.6,11.692307692307692,11.0,0.0,0.23076923076923078,0.6923076923076923
BOR,Gabriel Bortoleto,Audi,Madrid,Spanish Grand Prix,0,0,10,14,14e,https://media.formula1.com/d_driver_fallback_image.png/content/dam/fom-website/drivers/G/GABBOR01_Gabriel_Bortoleto/gabbor01.png.transform/1col/image.png,12,13,,-1.0,10,0.7142857142857143,0.8,11.785714285714286,11.0,0.0,0.21428571428571427,0.5714285714285714
BOR,Gabriel Bortoleto,Audi,Azerbaijan,Azerbaijan Grand Prix,0,0,10,14,14e,https://media.formula1.com/d_driver_fallback_image.png/content/dam/fom-website/drivers/G/GABBOR01_Gabriel_Bortoleto/gabbor01.png.transform/1col/image.png,17,15,,2.0,10,0.6666666666666666,0.0,12.0,11.0,0.0,0.2,0.6666666666666666
BOR,Gabriel Bortoleto,Audi,Bahrain,Bahrain Grand Prix,0,0,10,14,14e,https://media.formula1.com/d_driver_fallback_image.png/content/dam/fom-website/drivers/G/GABBOR01_Gabriel_Bortoleto/gabbor01.png.transform/1col/image.png,10,18,,-8.0,10,0.625,0.0,12.375,11.5,0.0,0.1875,0.125
ALO,Fernando Alonso,Aston Martin,Australian,Australian Grand Prix,0,0,7,15,15e,https://media.formula1.com/d_driver_fallback_image.png/content/dam/fom-website/drivers/F/FERALO01_Fernando_Alonso/feralo01.png.transform/1col/image.png,17,18,,-1.0,0,0.0,0.0,18.0,18.0,0.0,0.0,-1.0
ALO,Fernando Alonso,Aston Martin,Chinese*,Chinese Grand Prix,0,0,7,15,15e,https://media.formula1.com/d_driver_fallback_image.png/content/dam/fom-website/drivers/F/FERALO01_Fernando_Alonso/feralo01.png.transform/1col/image.png,18,17,,1.0,0,0.0,0.0,17.5,17.5,0.0,0.0,0.0
ALO,Fernando Alonso,Aston Martin,Japanese,Japanese Grand Prix,0,0,7,15,15e,https://media.formula1.com/d_driver_fallback_image.png/content/dam/fom-website/drivers/F/FERALO01_Fernando_Alonso/feralo01.png.transform/1col/image.png,21,18,,3.0,0,0.0,0.0,17.666666666666668,18.0,0.0,0.0,1.0
ALO,Fernando Alonso,Aston Martin,Miami*,Miami Grand Prix,0,0,7,15,15e,https://media.formula1.com/d_driver_fallback_image.png/content/dam/fom-website/drivers/F/FERALO01_Fernando_Alonso/feralo01.png.transform/1col/image.png,17,15,,2.0,0,0.0,0.0,17.0,17.5,0.0,0.0,1.25
ALO,Fernando Alonso,Aston Martin,Canadian*,Canadian Grand Prix,0,0,7,15,15e,https://media.formula1.com/d_driver_fallback_image.png/content/dam/fom-website/drivers/F/FERALO01_Fernando_Alonso/feralo01.png.transform/1col/image.png,19,20,,-1.0,0,0.0,0.0,17.6,18.0,0.0,0.0,0.8
ALO,Fernando Alonso,Aston Martin,Monaco,Monaco Grand Prix,1,0,7,15,15e,https://media.formula1.com/d_driver_fallback_image.png/content/dam/fom-website/drivers/F/FERALO01_Fernando_Alonso/feralo01.png.transform/1col/image.png,21,10,,11.0,1,0.16666666666666666,0.2,16.333333333333332,17.5,0.0,0.16666666666666666,2.5
ALO,Fernando Alonso,Aston Martin,Barcelona,Barcelona Grand Prix,0,0,7,15,15e,https://media.formula1.com/d_driver_fallback_image.png/content/dam/fom-website/drivers/F/FERALO01_Fernando_Alonso/feralo01.png.transform/1col/image.png,22,19,,3.0,1,0.14285714285714285,0.2,16.714285714285715,18.0,0.0,0.14285714285714285,2.5714285714285716
ALO,Fernando Alonso,Aston Martin,Austrian,Austrian Grand Prix,0,0,7,15,15e,https://media.formula1.com/d_driver_fallback_image.png/content/dam/fom-website/drivers/F/FERALO01_Fernando_Alonso/feralo01.png.transform/1col/image.png,21,18,,3.0,1,0.125,0.2,16.875,18.0,0.0,0.125,2.625
ALO,Fernando Alonso,Aston Martin,British*,British Grand Prix,0,0,7,15,15e,https://media.formula1.com/d_driver_fallback_image.png/content/dam/fom-website/drivers/F/FERALO01_Fernando_Alonso/feralo01.png.transform/1col/image.png,21,18,,3.0,1,0.1111111111111111,0.2,17.0,18.0,0.0,0.1111111111111111,2.6666666666666665
ALO,Fernando Alonso,Aston Martin,Belgian,Belgian Grand Prix,0,0,7,15,15e,https://media.formula1.com/d_driver_fallback_image.png/content/dam/fom-website/drivers/F/FERALO01_Fernando_Alonso/feralo01.png.transform/1col/image.png,22,19,,3.0,1,0.1,0.2,17.2,18.0,0.0,0.1,2.7
ALO,Fernando Alonso,Aston Martin,Hungarian,Hungarian Grand Prix,0,0,7,15,15e,https://media.formula1.com/d_driver_fallback_image.png/content/dam/fom-website/drivers/F/FERALO01_Fernando_Alonso/feralo01.png.transform/1col/image.png,16,14,,2.0,1,0.09090909090909091,0.0,16.90909090909091,18.0,0.0,0.09090909090909091,2.6363636363636362
ALO,Fernando Alonso,Aston Martin,Dutch*,Dutch Grand Prix,2,0,7,15,15e,https://media.formula1.com/d_driver_fallback_image.png/content/dam/fom-website/drivers/F/FERALO01_Fernando_Alonso/feralo01.png.transform/1col/image.png,18,9,,9.0,3,0.25,0.4,16.25,18.0,0.0,0.16666666666666666,3.1666666666666665
ALO,Fernando Alonso,Aston Martin,Italian,Italian Grand Prix,0,0,7,15,15e,https://media.formula1.com/d_driver_fallback_image.png/content/dam/fom-website/drivers/F/FERALO01_Fernando_Alonso/feralo01.png.transform/1col/image.png,21,21,,0.0,3,0.23076923076923078,0.4,16.615384615384617,18.0,0.0,0.15384615384615385,2.923076923076923
ALO,Fernando Alonso,Aston Martin,Madrid,Spanish Grand Prix,0,0,7,15,15e,https://media.formula1.com/d_driver_fallback_image.png/content/dam/fom-website/drivers/F/FERALO01_Fernando_Alonso/feralo01.png.transform/1col/image.png,17,17,,0.0,3,0.21428571428571427,0.4,16.642857142857142,18.0,0.0,0.14285714285714285,2.7142857142857144
ALO,Fernando Alonso,Aston Martin,Azerbaijan,Azerbaijan Grand Prix,0,0,7,15,15e,https://media.formula1.com/d_driver_fallback_image.png/content/dam/fom-website/drivers/F/FERALO01_Fernando_Alonso/feralo01.png.transform/1col/image.png,21,21,,0.0,3,0.2,0.4,16.933333333333334,18.0,0.0,0.13333333333333333,2.533333333333333
ALO,Fernando Alonso,Aston Martin,Bahrain,Bahrain Grand Prix,4,0,7,15,15e,https://media.formula1.com/d_driver_fallback_image.png/content/dam/fom-website/drivers/F/FERALO01_Fernando_Alonso/feralo01.png.transform/1col/image.png,12,8,,4.0,7,0.4375,1.2,16.375,18.0,0.0,0.1875,2.625
SAI,Carlos Sainz,Williams,Australian,Australian Grand Prix,0,0,7,15,15e,https://media.formula1.com/d_driver_fallback_image.png/content/dam/fom-website/drivers/C/CARSAI01_Carlos_Sainz/carsai01.png.transform/1col/image.png,21,15,,6.0,0,0.0,0.0,15.0,15.0,0.0,0.0,6.0
SAI,Carlos Sainz,Williams,Chinese*,Chinese Grand Prix,2,0,7,15,15e,https://media.formula1.com/d_driver_fallback_image.png/content/dam/fom-website/drivers/C/CARSAI01_Carlos_Sainz/carsai01.png.transform/1col/image.png,17,9,,8.0,2,1.0,1.0,12.0,12.0,0.0,0.5,7.0
SAI,Carlos Sainz,Williams,Japanese,Japanese Grand Prix,0,0,7,15,15e,https://media.formula1.com/d_driver_fallback_image.png/content/dam/fom-website/drivers/C/CARSAI01_Carlos_Sainz/carsai01.png.transform/1col/image.png,16,15,,1.0,2,0.6666666666666666,0.6666666666666666,13.0,15.0,0.0,0.3333333333333333,5.0
SAI,Carlos Sainz,Williams,Miami*,Miami Grand Prix,2,0,7,15,15e,https://media.formula1.com/d_driver_fallback_image.png/content/dam/fom-website/drivers/C/CARSAI01_Carlos_Sainz/carsai01.png.transform/1col/image.png,13,9,,4.0,4,1.0,1.0,12.0,12.0,0.0,0.5,4.75
SAI,Carlos Sainz,Williams,Canadian*,Canadian Grand Prix,2,0,7,15,15e,https://media.formula1.com/d_driver_fallback_image.png/content/dam/fom-website/drivers/C/CARSAI01_Carlos_Sainz/carsai01.png.transform/1col/image.png,15,9,,6.0,6,1.2,1.2,11.4,9.0,0.0,0.6,5.0
SAI,Carlos Sainz,Williams,Monaco,Monaco Grand Prix,0,0,7,15,15e,https://media.formula1.com/d_driver_fallback_image.png/content/dam/fom-website/drivers/C/CARSAI01_Carlos_Sainz/carsai01.png.transform/1col/image.png,12,16,,-4.0,6,1.0,1.2,12.166666666666666,12.0,0.0,0.5,3.5
SAI,Carlos Sainz,Williams,Barcelona,Barcelona Grand Prix,0,0,7,15,15e,https://media.formula1.com/d_driver_fallback_image.png/content/dam/fom-website/drivers/C/CARSAI01_Carlos_Sainz/carsai01.png.transform/1col/image.png,16,12,,4.0,6,0.8571428571428571,0.8,12.142857142857142,12.0,0.0,0.42857142857142855,3.5714285714285716
SAI,Carlos Sainz,Williams,Austrian,Austrian Grand Prix,0,0,7,15,15e,https://media.formula1.com/d_driver_fallback_image.png/content/dam/fom-website/drivers/C/CARSAI01_Carlos_Sainz/carsai01.png.transform/1col/image.png,17,20,,-3.0,6,0.75,0.8,13.125,13.5,0.0,0.375,2.75
SAI,Carlos Sainz,Williams,British*,British Grand Prix,0,0,7,15,15e,https://media.formula1.com/d_driver_fallback_image.png/content/dam/fom-website/drivers/C/CARSAI01_Carlos_Sainz/carsai01.png.transform/1col/image.png,14,17,,-3.0,6,0.6666666666666666,0.4,13.555555555555555,15.0,0.0,0.3333333333333333,2.111111111111111
SAI,Carlos Sainz,Williams,Belgian,Belgian Grand Prix,0,0,7,15,15e,https://media.formula1.com/d_driver_fallback_image.png/content/dam/fom-website/drivers/C/CARSAI01_Carlos_Sainz/carsai01.png.transform/1col/image.png,19,16,,3.0,6,0.6,0.0,13.8,15.0,0.0,0.3,2.2
SAI,Carlos Sainz,Williams,Hungarian,Hungarian Grand Prix,0,0,7,15,15e,https://media.formula1.com/d_driver_fallback_image.png/content/dam/fom-website/drivers/C/CARSAI01_Carlos_Sainz/carsai01.png.transform/1col/image.png,18,18,,0.0,6,0.5454545454545454,0.0,14.181818181818182,15.0,0.0,0.2727272727272727,2.0
SAI,Carlos Sainz,Williams,Dutch*,Dutch Grand Prix,0,0,7,15,15e,https://media.formula1.com/d_driver_fallback_image.png/content/dam/fom-website/drivers/C/CARSAI01_Carlos_Sainz/carsai01.png.transform/1col/image.png,17,16,,1.0,6,0.5,0.0,14.333333333333334,15.5,0.0,0.25,1.9166666666666667
SAI,Carlos Sainz,Williams,Italian,Italian Grand Prix,0,0,7,15,15e,https://media.formula1.com/d_driver_fallback_image.png/content/dam/fom-website/drivers/C/CARSAI01_Carlos_Sainz/carsai01.png.transform/1col/image.png,13,13,,0.0,6,0.46153846153846156,0.0,14.23076923076923,15.0,0.0,0.23076923076923078,1.7692307692307692
SAI,Carlos Sainz,Williams,Madrid,Spanish Grand Prix,0,0,7,15,15e,https://media.formula1.com/d_driver_fallback_image.png/content/dam/fom-website/drivers/C/CARSAI01_Carlos_Sainz/carsai01.png.transform/1col/image.png,20,19,,1.0,6,0.42857142857142855,0.0,14.571428571428571,15.5,0.0,0.21428571428571427,1.7142857142857142
SAI,Carlos Sainz,Williams,Azerbaijan,Azerbaijan Grand Prix,1,0,7,15,15e,https://media.formula1.com/d_driver_fallback_image.png/content/dam/fom-website/drivers/C/CARSAI01_Carlos_Sainz/carsai01.png.transform/1col/image.png,14,10,,4.0,7,0.4666666666666667,0.2,14.266666666666667,15.0,0.0,0.26666666666666666,1.8666666666666667
SAI,Carlos Sainz,Williams,Bahrain,Bahrain Grand Prix,0,0,7,15,15e,https://media.formula1.com/d_driver_fallback_image.png/content/dam/fom-website/drivers/C/CARSAI01_Carlos_Sainz/carsai01.png.transform/1col/image.png,13,17,,-4.0,7,0.4375,0.2,14.4375,15.5,0.0,0.25,1.5
OCO,Esteban Ocon,Haas F1 Team,Australian,Australian Grand Prix,0,0,7,15,15e,https://media.formula1.com/d_driver_fallback_image.png/content/dam/fom-website/drivers/E/ESTOCO01_Esteban_Ocon/estoco01.png.transform/1col/image.png,13,11,,2.0,0,0.0,0.0,11.0,11.0,0.0,0.0,2.0
OCO,Esteban Ocon,Haas F1 Team,Chinese*,Chinese Grand Prix,0,0,7,15,15e,https://media.formula1.com/d_driver_fallback_image.png/content/dam/fom-website/drivers/E/ESTOCO01_Esteban_Ocon/estoco01.png.transform/1col/image.png,13,14,,-1.0,0,0.0,0.0,12.5,12.5,0.0,0.0,0.5
OCO,Esteban Ocon,Haas F1 Team,Japanese,Japanese Grand Prix,1,0,7,15,15e,https://media.formula1.com/d_driver_fallback_image.png/content/dam/fom-website/drivers/E/ESTOCO01_Esteban_Ocon/estoco01.png.transform/1col/image.png,12,10,,2.0,1,0.3333333333333333,0.3333333333333333,11.666666666666666,11.0,0.0,0.3333333333333333,1.0
OCO,Esteban Ocon,Haas F1 Team,Miami*,Miami Grand Prix,0,0,7,15,15e,https://media.formula1.com/d_driver_fallback_image.png/content/dam/fom-website/drivers/E/ESTOCO01_Esteban_Ocon/estoco01.png.transform/1col/image.png,14,13,,1.0,1,0.25,0.25,12.0,12.0,0.0,0.25,1.0
OCO,Esteban Ocon,Haas F1 Team,Canadian*,Canadian Grand Prix,0,0,7,15,15e,https://media.formula1.com/d_driver_fallback_image.png/content/dam/fom-website/drivers/E/ESTOCO01_Esteban_Ocon/estoco01.png.transform/1col/image.png,17,14,,3.0,1,0.2,0.2,12.4,13.0,0.0,0.2,1.4
OCO,Esteban Ocon,Haas F1 Team,Monaco,Monaco Grand Prix,2,0,7,15,15e,https://media.formula1.com/d_driver_fallback_image.png/content/dam/fom-website/drivers/E/ESTOCO01_Esteban_Ocon/estoco01.png.transform/1col/image.png,17,9,,8.0,3,0.5,0.6,11.833333333333334,12.0,0.0,0.3333333333333333,2.5
OCO,Esteban Ocon,Haas F1 Team,Barcelona,Barcelona Grand Prix,0,0,7,15,15e,https://media.formula1.com/d_driver_fallback_image.png/content/dam/fom-website/drivers/E/ESTOCO01_Esteban_Ocon/estoco01.png.transform/1col/image.png,17,13,,4.0,3,0.42857142857142855,0.6,12.0,13.0,0.0,0.2857142857142857,2.7142857142857144
OCO,Esteban Ocon,Haas F1 Team,Austrian,Austrian Grand Prix,0,0,7,15,15e,https://media.formula1.com/d_driver_fallback_image.png/content/dam/fom-website/drivers/E/ESTOCO01_Esteban_Ocon/estoco01.png.transform/1col/image.png,15,16,,-1.0,3,0.375,0.4,12.5,13.0,0.0,0.25,2.25
OCO,Esteban Ocon,Haas F1 Team,British*,British Grand Prix,0,0,7,15,15e,https://media.formula1.com/d_driver_fallback_image.png/content/dam/fom-website/drivers/E/ESTOCO01_Esteban_Ocon/estoco01.png.transform/1col/image.png,17,13,,4.0,3,0.3333333333333333,0.4,12.555555555555555,13.0,0.0,0.2222222222222222,2.4444444444444446
OCO,Esteban Ocon,Haas F1 Team,Belgian,Belgian Grand Prix,0,0,7,15,15e,https://media.formula1.com/d_driver_fallback_image.png/content/dam/fom-website/drivers/E/ESTOCO01_Esteban_Ocon/estoco01.png.transform/1col/image.png,16,17,,-1.0,3,0.3,0.4,13.0,13.0,0.0,0.2,2.1
OCO,Esteban Ocon,Haas F1 Team,Hungarian,Hungarian Grand Prix,0,0,7,15,15e,https://media.formula1.com/d_driver_fallback_image.png/content/dam/fom-website/drivers/E/ESTOCO01_Esteban_Ocon/estoco01.png.transform/1col/image.png,15,16,,-1.0,3,0.2727272727272727,0.0,13.272727272727273,13.0,0.0,0.18181818181818182,1.8181818181818181
OCO,Esteban Ocon,Haas F1 Team,Dutch*,Dutch Grand Prix,0,0,7,15,15e,https://media.formula1.com/d_driver_fallback_image.png/content/dam/fom-website/drivers/E/ESTOCO01_Esteban_Ocon/estoco01.png.transform/1col/image.png,15,19,,-4.0,3,0.25,0.0,13.75,13.5,0.0,0.16666666666666666,1.3333333333333333
OCO,Esteban Ocon,Haas F1 Team,Italian,Italian Grand Prix,0,0,7,15,15e,https://media.formula1.com/d_driver_fallback_image.png/content/dam/fom-website/drivers/E/ESTOCO01_Esteban_Ocon/estoco01.png.transform/1col/image.png,14,16,,-2.0,3,0.23076923076923078,0.0,13.923076923076923,14.0,0.0,0.15384615384615385,1.0769230769230769
OCO,Esteban Ocon,Haas F1 Team,Madrid,Spanish Grand Prix,0,0,7,15,15e,https://media.formula1.com/d_driver_fallback_image.png/content/dam/fom-website/drivers/E/ESTOCO01_Esteban_Ocon/estoco01.png.transform/1col/image.png,13,11,,2.0,3,0.21428571428571427,0.0,13.714285714285714,13.5,0.0,0.14285714285714285,1.1428571428571428
OCO,Esteban Ocon,Haas F1 Team,Azerbaijan,Azerbaijan Grand Prix,4,0,7,15,15e,https://media.formula1.com/d_driver_fallback_image.png/content/dam/fom-website/drivers/E/ESTOCO01_Esteban_Ocon/estoco01.png.transform/1col/image.png,13,8,,5.0,7,0.4666666666666667,0.8,13.333333333333334,13.0,0.0,0.2,1.4
OCO,Esteban Ocon,Haas F1 Team,Bahrain,Bahrain Grand Prix,0,0,7,15,15e,https://media.formula1.com/d_driver_fallback_image.png/content/dam/fom-website/drivers/E/ESTOCO01_Esteban_Ocon/estoco01.png.transform/1col/image.png,17,15,,2.0,7,0.4375,0.8,13.4375,13.5,0.0,0.1875,1.4375
HUL,Nico Hülkenberg,Audi,Australian,Australian Grand Prix,0,0,7,15,15e,https://media.formula1.com/d_driver_fallback_image.png/content/dam/fom-website/drivers/N/NICHUL01_Nico_Hulkenberg/nichul01.png.transform/1col/image.png,11,22,,-11.0,0,0.0,0.0,22.0,22.0,0.0,0.0,-11.0
HUL,Nico Hülkenberg,Audi,Chinese*,Chinese Grand Prix,0,0,7,15,15e,https://media.formula1.com/d_driver_fallback_image.png/content/dam/fom-website/drivers/N/NICHUL01_Nico_Hulkenberg/nichul01.png.transform/1col/image.png,11,11,,0.0,0,0.0,0.0,16.5,16.5,0.0,0.0,-5.5
HUL,Nico Hülkenberg,Audi,Japanese,Japanese Grand Prix,0,0,7,15,15e,https://media.formula1.com/d_driver_fallback_image.png/content/dam/fom-website/drivers/N/NICHUL01_Nico_Hulkenberg/nichul01.png.transform/1col/image.png,13,11,,2.0,0,0.0,0.0,14.666666666666666,11.0,0.0,0.0,-3.0
HUL,Nico Hülkenberg,Audi,Miami*,Miami Grand Prix,0,0,7,15,15e,https://media.formula1.com/d_driver_fallback_image.png/content/dam/fom-website/drivers/N/NICHUL01_Nico_Hulkenberg/nichul01.png.transform/1col/image.png,10,19,,-9.0,0,0.0,0.0,15.75,15.0,0.0,0.0,-4.5
HUL,Nico Hülkenberg,Audi,Canadian*,Canadian Grand Prix,0,0,7,15,15e,https://media.formula1.com/d_driver_fallback_image.png/content/dam/fom-website/drivers/N/NICHUL01_Nico_Hulkenberg/nichul01.png.transform/1col/image.png,11,12,,-1.0,0,0.0,0.0,15.0,12.0,0.0,0.0,-3.8
HUL,Nico Hülkenberg,Audi,Monaco,Monaco Grand Prix,0,0,7,15,15e,https://media.formula1.com/d_driver_fallback_image.png/content/dam/fom-website/drivers/N/NICHUL01_Nico_Hulkenberg/nichul01.png.transform/1col/image.png,13,13,,0.0,0,0.0,0.0,14.666666666666666,12.5,0.0,0.0,-3.1666666666666665
HUL,Nico Hülkenberg,Audi,Barcelona,Barcelona Grand Prix,0,0,7,15,15e,https://media.formula1.com/d_driver_fallback_image.png/content/dam/fom-website/drivers/N/NICHUL01_Nico_Hulkenberg/nichul01.png.transform/1col/image.png,9,20,,-11.0,0,0.0,0.0,15.428571428571429,13.0,0.0,0.0,-4.285714285714286
HUL,Nico Hülkenberg,Audi,Austrian,Austrian Grand Prix,0,0,7,15,15e,https://media.formula1.com/d_driver_fallback_image.png/content/dam/fom-website/drivers/N/NICHUL01_Nico_Hulkenberg/nichul01.png.transform/1col/image.png,14,12,,2.0,0,0.0,0.0,15.0,12.5,0.0,0.0,-3.5
HUL,Nico Hülkenberg,Audi,British*,British Grand Prix,0,0,7,15,15e,https://media.formula1.com/d_driver_fallback_image.png/content/dam/fom-website/drivers/N/NICHUL01_Nico_Hulkenberg/nichul01.png.transform/1col/image.png,12,22,,-10.0,0,0.0,0.0,15.777777777777779,13.0,0.0,0.0,-4.222222222222222
HUL,Nico Hülkenberg,Audi,Belgian,Belgian Grand Prix,0,0,7,15,15e,https://media.formula1.com/d_driver_fallback_image.png/content/dam/fom-website/drivers/N/NICHUL01_Nico_Hulkenberg/nichul01.png.transform/1col/image.png,12,13,,-1.0,0,0.0,0.0,15.5,13.0,0.0,0.0,-3.9
HUL,Nico Hülkenberg,Audi,Hungarian,Hungarian Grand Prix,2,0,7,15,15e,https://media.formula1.com/d_driver_fallback_image.png/content/dam/fom-website/drivers/N/NICHUL01_Nico_Hulkenberg/nichul01.png.transform/1col/image.png,10,9,,1.0,2,0.18181818181818182,0.4,14.909090909090908,13.0,0.0,0.09090909090909091,-3.4545454545454546
HUL,Nico Hülkenberg,Audi,Dutch*,Dutch Grand Prix,4,0,7,15,15e,https://media.formula1.com/d_driver_fallback_image.png/content/dam/fom-website/drivers/N/NICHUL01_Nico_Hulkenberg/nichul01.png.transform/1col/image.png,13,8,,5.0,6,0.5,1.2,14.333333333333334,12.5,0.0,0.16666666666666666,-2.75
HUL,Nico Hülkenberg,Audi,Italian,Italian Grand Prix,0,0,7,15,15e,https://media.formula1.com/d_driver_fallback_image.png/content/dam/fom-website/drivers/N/NICHUL01_Nico_Hulkenberg/nichul01.png.transform/1col/image.png,12,12,,0.0,6,0.46153846153846156,1.2,14.153846153846153,12.0,0.0,0.15384615384615385,-2.5384615384615383
HUL,Nico Hülkenberg,Audi,Madrid,Spanish Grand Prix,1,0,7,15,15e,https://media.formula1.com/d_driver_fallback_image.png/content/dam/fom-website/drivers/N/NICHUL01_Nico_Hulkenberg/nichul01.png.transform/1col/image.png,11,10,,1.0,7,0.5,1.4,13.857142857142858,12.0,0.0,0.21428571428571427,-2.2857142857142856
HUL,Nico Hülkenberg,Audi,Azerbaijan,Azerbaijan Grand Prix,0,0,7,15,15e,https://media.formula1.com/d_driver_fallback_image.png/content/dam/fom-website/drivers/N/NICHUL01_Nico_Hulkenberg/nichul01.png.transform/1col/image.png,18,11,,7.0,7,0.4666666666666667,1.4,13.666666666666666,12.0,0.0,0.2,-1.6666666666666667
HUL,Nico Hülkenberg,Audi,Bahrain,Bahrain Grand Prix,0,0,7,15,15e,https://media.formula1.com/d_driver_fallback_image.png/content/dam/fom-website/drivers/N/NICHUL01_Nico_Hulkenberg/nichul01.png.transform/1col/image.png,15,11,,4.0,7,0.4375,1.0,13.5,12.0,0.0,0.1875,-1.3125
ALB,Alexander Albon,Williams,Australian,Australian Grand Prix,0,0,5,19,19e,https://media.formula1.com/d_driver_fallback_image.png/content/dam/fom-website/drivers/A/ALEALB01_Alexander_Albon/alealb01.png.transform/1col/image.png,15,12,,3.0,0,0.0,0.0,12.0,12.0,0.0,0.0,3.0
ALB,Alexander Albon,Williams,Chinese*,Chinese Grand Prix,0,0,5,19,19e,https://media.formula1.com/d_driver_fallback_image.png/content/dam/fom-website/drivers/A/ALEALB01_Alexander_Albon/alealb01.png.transform/1col/image.png,22,22,,0.0,0,0.0,0.0,17.0,17.0,0.0,0.0,1.5
ALB,Alexander Albon,Williams,Japanese,Japanese Grand Prix,0,0,5,19,19e,https://media.formula1.com/d_driver_fallback_image.png/content/dam/fom-website/drivers/A/ALEALB01_Alexander_Albon/alealb01.png.transform/1col/image.png,17,20,,-3.0,0,0.0,0.0,18.0,20.0,0.0,0.0,0.0
ALB,Alexander Albon,Williams,Miami*,Miami Grand Prix,1,0,5,19,19e,https://media.formula1.com/d_driver_fallback_image.png/content/dam/fom-website/drivers/A/ALEALB01_Alexander_Albon/alealb01.png.transform/1col/image.png,15,10,,5.0,1,0.25,0.25,16.0,16.0,0.0,0.25,1.25
ALB,Alexander Albon,Williams,Canadian*,Canadian Grand Prix,0,0,5,19,19e,https://media.formula1.com/d_driver_fallback_image.png/content/dam/fom-website/drivers/A/ALEALB01_Alexander_Albon/alealb01.png.transform/1col/image.png,18,21,,-3.0,1,0.2,0.2,17.0,20.0,0.0,0.2,0.4
ALB,Alexander Albon,Williams,Monaco,Monaco Grand Prix,4,0,5,19,19e,https://media.formula1.com/d_driver_fallback_image.png/content/dam/fom-website/drivers/A/ALEALB01_Alexander_Albon/alealb01.png.transform/1col/image.png,11,8,,3.0,5,0.8333333333333334,1.0,15.5,16.0,0.0,0.3333333333333333,0.8333333333333334
ALB,Alexander Albon,Williams,Barcelona,Barcelona Grand Prix,0,0,5,19,19e,https://media.formula1.com/d_driver_fallback_image.png/content/dam/fom-website/drivers/A/ALEALB01_Alexander_Albon/alealb01.png.transform/1col/image.png,18,18,,0.0,5,0.7142857142857143,1.0,15.857142857142858,18.0,0.0,0.2857142857142857,0.7142857142857143
ALB,Alexander Albon,Williams,Austrian,Austrian Grand Prix,0,0,5,19,19e,https://media.formula1.com/d_driver_fallback_image.png/content/dam/fom-website/drivers/A/ALEALB01_Alexander_Albon/alealb01.png.transform/1col/image.png,18,17,,1.0,5,0.625,1.0,16.0,17.5,0.0,0.25,0.75
ALB,Alexander Albon,Williams,British*,British Grand Prix,0,0,5,19,19e,https://media.formula1.com/d_driver_fallback_image.png/content/dam/fom-website/drivers/A/ALEALB01_Alexander_Albon/alealb01.png.transform/1col/image.png,16,21,,-5.0,5,0.5555555555555556,0.8,16.555555555555557,18.0,0.0,0.2222222222222222,0.1111111111111111
ALB,Alexander Albon,Williams,Belgian,Belgian Grand Prix,0,0,5,19,19e,https://media.formula1.com/d_driver_fallback_image.png/content/dam/fom-website/drivers/A/ALEALB01_Alexander_Albon/alealb01.png.transform/1col/image.png,15,15,,0.0,5,0.5,0.8,16.4,17.5,0.0,0.2,0.1
ALB,Alexander Albon,Williams,Hungarian,Hungarian Grand Prix,0,0,5,19,19e,https://media.formula1.com/d_driver_fallback_image.png/content/dam/fom-website/drivers/A/ALEALB01_Alexander_Albon/alealb01.png.transform/1col/image.png,19,17,,2.0,5,0.45454545454545453,0.0,16.454545454545453,17.0,0.0,0.18181818181818182,0.2727272727272727
ALB,Alexander Albon,Williams,Dutch*,Dutch Grand Prix,0,0,5,19,19e,https://media.formula1.com/d_driver_fallback_image.png/content/dam/fom-website/drivers/A/ALEALB01_Alexander_Albon/alealb01.png.transform/1col/image.png,16,17,,-1.0,5,0.4166666666666667,0.0,16.5,17.0,0.0,0.16666666666666666,0.16666666666666666
ALB,Alexander Albon,Williams,Italian,Italian Grand Prix,0,0,5,19,19e,https://media.formula1.com/d_driver_fallback_image.png/content/dam/fom-website/drivers/A/ALEALB01_Alexander_Albon/alealb01.png.transform/1col/image.png,20,17,,3.0,5,0.38461538461538464,0.0,16.53846153846154,17.0,0.0,0.15384615384615385,0.38461538461538464
ALB,Alexander Albon,Williams,Madrid,Spanish Grand Prix,0,0,5,19,19e,https://media.formula1.com/d_driver_fallback_image.png/content/dam/fom-website/drivers/A/ALEALB01_Alexander_Albon/alealb01.png.transform/1col/image.png,16,15,,1.0,5,0.35714285714285715,0.0,16.428571428571427,17.0,0.0,0.14285714285714285,0.42857142857142855
ALB,Alexander Albon,Williams,Azerbaijan,Azerbaijan Grand Prix,0,0,5,19,19e,https://media.formula1.com/d_driver_fallback_image.png/content/dam/fom-website/drivers/A/ALEALB01_Alexander_Albon/alealb01.png.transform/1col/image.png,12,20,,-8.0,5,0.3333333333333333,0.0,16.666666666666668,17.0,0.0,0.13333333333333333,-0.13333333333333333
ALB,Alexander Albon,Williams,Bahrain,Bahrain Grand Prix,0,0,5,19,19e,https://media.formula1.com/d_driver_fallback_image.png/content/dam/fom-website/drivers/A/ALEALB01_Alexander_Albon/alealb01.png.transform/1col/image.png,18,21,,-3.0,5,0.3125,0.0,16.9375,17.0,0.0,0.125,-0.3125
TSU,Yuki Tsunoda,Racing Bulls,Dutch*,Dutch Grand Prix,0,0,1,20,20e,,12,11,,1.0,0,0.0,0.0,11.0,11.0,0.0,0.0,1.0
TSU,Yuki Tsunoda,Racing Bulls,Italian,Italian Grand Prix,1,0,1,20,20e,,15,10,,5.0,1,0.5,0.5,10.5,10.5,0.0,0.5,3.0
TSU,Yuki Tsunoda,Racing Bulls,Madrid,Spanish Grand Prix,0,0,1,20,20e,,15,14,,1.0,1,0.3333333333333333,0.3333333333333333,11.666666666666666,11.0,0.0,0.3333333333333333,2.3333333333333335
BOT,Valtteri Bottas,Cadillac,Australian,Australian Grand Prix,0,0,0,21,21e,https://media.formula1.com/d_driver_fallback_image.png/content/dam/fom-website/drivers/V/VALBOT01_Valtteri_Bottas/valbot01.png.transform/1col/image.png,19,19,,0.0,0,0.0,0.0,19.0,19.0,0.0,0.0,0.0
BOT,Valtteri Bottas,Cadillac,Chinese*,Chinese Grand Prix,0,0,0,21,21e,https://media.formula1.com/d_driver_fallback_image.png/content/dam/fom-website/drivers/V/VALBOT01_Valtteri_Bottas/valbot01.png.transform/1col/image.png,19,13,,6.0,0,0.0,0.0,16.0,16.0,0.0,0.0,3.0
BOT,Valtteri Bottas,Cadillac,Japanese,Japanese Grand Prix,0,0,0,21,21e,https://media.formula1.com/d_driver_fallback_image.png/content/dam/fom-website/drivers/V/VALBOT01_Valtteri_Bottas/valbot01.png.transform/1col/image.png,20,19,,1.0,0,0.0,0.0,17.0,19.0,0.0,0.0,2.3333333333333335
BOT,Valtteri Bottas,Cadillac,Miami*,Miami Grand Prix,0,0,0,21,21e,https://media.formula1.com/d_driver_fallback_image.png/content/dam/fom-website/drivers/V/VALBOT01_Valtteri_Bottas/valbot01.png.transform/1col/image.png,19,18,,1.0,0,0.0,0.0,17.25,18.5,0.0,0.0,2.0
BOT,Valtteri Bottas,Cadillac,Canadian*,Canadian Grand Prix,0,0,0,21,21e,https://media.formula1.com/d_driver_fallback_image.png/content/dam/fom-website/drivers/V/VALBOT01_Valtteri_Bottas/valbot01.png.transform/1col/image.png,21,16,,5.0,0,0.0,0.0,17.0,18.0,0.0,0.0,2.6
BOT,Valtteri Bottas,Cadillac,Monaco,Monaco Grand Prix,0,0,0,21,21e,https://media.formula1.com/d_driver_fallback_image.png/content/dam/fom-website/drivers/V/VALBOT01_Valtteri_Bottas/valbot01.png.transform/1col/image.png,20,21,,-1.0,0,0.0,0.0,17.666666666666668,18.5,0.0,0.0,2.0
BOT,Valtteri Bottas,Cadillac,Barcelona,Barcelona Grand Prix,0,0,0,21,21e,https://media.formula1.com/d_driver_fallback_image.png/content/dam/fom-website/drivers/V/VALBOT01_Valtteri_Bottas/valbot01.png.transform/1col/image.png,20,21,,-1.0,0,0.0,0.0,18.142857142857142,19.0,0.0,0.0,1.5714285714285714
BOT,Valtteri Bottas,Cadillac,Austrian,Austrian Grand Prix,0,0,0,21,21e,https://media.formula1.com/d_driver_fallback_image.png/content/dam/fom-website/drivers/V/VALBOT01_Valtteri_Bottas/valbot01.png.transform/1col/image.png,20,22,,-2.0,0,0.0,0.0,18.625,19.0,0.0,0.0,1.125
BOT,Valtteri Bottas,Cadillac,British*,British Grand Prix,0,0,0,21,21e,https://media.formula1.com/d_driver_fallback_image.png/content/dam/fom-website/drivers/V/VALBOT01_Valtteri_Bottas/valbot01.png.transform/1col/image.png,18,16,,2.0,0,0.0,0.0,18.333333333333332,19.0,0.0,0.0,1.2222222222222223
BOT,Valtteri Bottas,Cadillac,Belgian,Belgian Grand Prix,0,0,0,21,21e,https://media.formula1.com/d_driver_fallback_image.png/content/dam/fom-website/drivers/V/VALBOT01_Valtteri_Bottas/valbot01.png.transform/1col/image.png,17,18,,-1.0,0,0.0,0.0,18.3,18.5,0.0,0.0,1.0
BOT,Valtteri Bottas,Cadillac,Hungarian,Hungarian Grand Prix,0,0,0,21,21e,https://media.formula1.com/d_driver_fallback_image.png/content/dam/fom-website/drivers/V/VALBOT01_Valtteri_Bottas/valbot01.png.transform/1col/image.png,21,22,,-1.0,0,0.0,0.0,18.636363636363637,19.0,0.0,0.0,0.8181818181818182
BOT,Valtteri Bottas,Cadillac,Dutch*,Dutch Grand Prix,0,0,0,21,21e,https://media.formula1.com/d_driver_fallback_image.png/content/dam/fom-website/drivers/V/VALBOT01_Valtteri_Bottas/valbot01.png.transform/1col/image.png,21,18,,3.0,0,0.0,0.0,18.583333333333332,18.5,0.0,0.0,1.0
BOT,Valtteri Bottas,Cadillac,Italian,Italian Grand Prix,0,0,0,21,21e,https://media.formula1.com/d_driver_fallback_image.png/content/dam/fom-website/drivers/V/VALBOT01_Valtteri_Bottas/valbot01.png.transform/1col/image.png,16,19,,-3.0,0,0.0,0.0,18.615384615384617,19.0,0.0,0.0,0.6923076923076923
BOT,Valtteri Bottas,Cadillac,Madrid,Spanish Grand Prix,0,0,0,21,21e,https://media.formula1.com/d_driver_fallback_image.png/content/dam/fom-website/drivers/V/VALBOT01_Valtteri_Bottas/valbot01.png.transform/1col/image.png,19,18,,1.0,0,0.0,0.0,18.571428571428573,18.5,0.0,0.0,0.7142857142857143
BOT,Valtteri Bottas,Cadillac,Azerbaijan,Azerbaijan Grand Prix,0,0,0,21,21e,https://media.formula1.com/d_driver_fallback_image.png/content/dam/fom-website/drivers/V/VALBOT01_Valtteri_Bottas/valbot01.png.transform/1col/image.png,19,16,,3.0,0,0.0,0.0,18.4,18.0,0.0,0.0,0.8666666666666667
BOT,Valtteri Bottas,Cadillac,Bahrain,Bahrain Grand Prix,0,0,0,21,21e,https://media.formula1.com/d_driver_fallback_image.png/content/dam/fom-website/drivers/V/VALBOT01_Valtteri_Bottas/valbot01.png.transform/1col/image.png,19,22,,-3.0,0,0.0,0.0,18.625,18.5,0.0,0.0,0.625
PER,Sergio Pérez,Cadillac,Australian,Australian Grand Prix,0,0,0,21,21e,https://media.formula1.com/d_driver_fallback_image.png/content/dam/fom-website/drivers/S/SERPER01_Sergio_Perez/serper01.png.transform/1col/image.png,18,16,,2.0,0,0.0,0.0,16.0,16.0,0.0,0.0,2.0
PER,Sergio Pérez,Cadillac,Chinese*,Chinese Grand Prix,0,0,0,21,21e,https://media.formula1.com/d_driver_fallback_image.png/content/dam/fom-website/drivers/S/SERPER01_Sergio_Perez/serper01.png.transform/1col/image.png,21,15,,6.0,0,0.0,0.0,15.5,15.5,0.0,0.0,4.0
PER,Sergio Pérez,Cadillac,Japanese,Japanese Grand Prix,0,0,0,21,21e,https://media.formula1.com/d_driver_fallback_image.png/content/dam/fom-website/drivers/S/SERPER01_Sergio_Perez/serper01.png.transform/1col/image.png,19,17,,2.0,0,0.0,0.0,16.0,16.0,0.0,0.0,3.3333333333333335
PER,Sergio Pérez,Cadillac,Miami*,Miami Grand Prix,0,0,0,21,21e,https://media.formula1.com/d_driver_fallback_image.png/content/dam/fom-website/drivers/S/SERPER01_Sergio_Perez/serper01.png.transform/1col/image.png,20,16,,4.0,0,0.0,0.0,16.0,16.0,0.0,0.0,3.5
PER,Sergio Pérez,Cadillac,Canadian*,Canadian Grand Prix,0,0,0,21,21e,https://media.formula1.com/d_driver_fallback_image.png/content/dam/fom-website/drivers/S/SERPER01_Sergio_Perez/serper01.png.transform/1col/image.png,20,17,,3.0,0,0.0,0.0,16.2,16.0,0.0,0.0,3.4
PER,Sergio Pérez,Cadillac,Monaco,Monaco Grand Prix,0,0,0,21,21e,https://media.formula1.com/d_driver_fallback_image.png/content/dam/fom-website/drivers/S/SERPER01_Sergio_Perez/serper01.png.transform/1col/image.png,18,15,,3.0,0,0.0,0.0,16.0,16.0,0.0,0.0,3.3333333333333335
PER,Sergio Pérez,Cadillac,Barcelona,Barcelona Grand Prix,0,0,0,21,21e,https://media.formula1.com/d_driver_fallback_image.png/content/dam/fom-website/drivers/S/SERPER01_Sergio_Perez/serper01.png.transform/1col/image.png,19,14,,5.0,0,0.0,0.0,15.714285714285714,16.0,0.0,0.0,3.5714285714285716
PER,Sergio Pérez,Cadillac,Austrian,Austrian Grand Prix,0,0,0,21,21e,https://media.formula1.com/d_driver_fallback_image.png/content/dam/fom-website/drivers/S/SERPER01_Sergio_Perez/serper01.png.transform/1col/image.png,19,21,,-2.0,0,0.0,0.0,16.375,16.0,0.0,0.0,2.875
PER,Sergio Pérez,Cadillac,British*,British Grand Prix,0,0,0,21,21e,https://media.formula1.com/d_driver_fallback_image.png/content/dam/fom-website/drivers/S/SERPER01_Sergio_Perez/serper01.png.transform/1col/image.png,20,14,,6.0,0,0.0,0.0,16.11111111111111,16.0,0.0,0.0,3.2222222222222223
PER,Sergio Pérez,Cadillac,Belgian,Belgian Grand Prix,0,0,0,21,21e,https://media.formula1.com/d_driver_fallback_image.png/content/dam/fom-website/drivers/S/SERPER01_Sergio_Perez/serper01.png.transform/1col/image.png,18,21,,-3.0,0,0.0,0.0,16.6,16.0,0.0,0.0,2.6
PER,Sergio Pérez,Cadillac,Hungarian,Hungarian Grand Prix,0,0,0,21,21e,https://media.formula1.com/d_driver_fallback_image.png/content/dam/fom-website/drivers/S/SERPER01_Sergio_Perez/serper01.png.transform/1col/image.png,22,21,,1.0,0,0.0,0.0,17.0,16.0,0.0,0.0,2.4545454545454546
PER,Sergio Pérez,Cadillac,Dutch*,Dutch Grand Prix,0,0,0,21,21e,https://media.formula1.com/d_driver_fallback_image.png/content/dam/fom-website/drivers/S/SERPER01_Sergio_Perez/serper01.png.transform/1col/image.png,22,15,,7.0,0,0.0,0.0,16.833333333333332,16.0,0.0,0.0,2.8333333333333335
PER,Sergio Pérez,Cadillac,Italian,Italian Grand Prix,0,0,0,21,21e,https://media.formula1.com/d_driver_fallback_image.png/content/dam/fom-website/drivers/S/SERPER01_Sergio_Perez/serper01.png.transform/1col/image.png,17,18,,-1.0,0,0.0,0.0,16.923076923076923,16.0,0.0,0.0,2.5384615384615383
PER,Sergio Pérez,Cadillac,Madrid,Spanish Grand Prix,0,0,0,21,21e,https://media.formula1.com/d_driver_fallback_image.png/content/dam/fom-website/drivers/S/SERPER01_Sergio_Perez/serper01.png.transform/1col/image.png,18,20,,-2.0,0,0.0,0.0,17.142857142857142,16.5,0.0,0.0,2.2142857142857144
PER,Sergio Pérez,Cadillac,Azerbaijan,Azerbaijan Grand Prix,0,0,0,21,21e,https://media.formula1.com/d_driver_fallback_image.png/content/dam/fom-website/drivers/S/SERPER01_Sergio_Perez/serper01.png.transform/1col/image.png,20,14,,6.0,0,0.0,0.0,16.933333333333334,16.0,0.0,0.0,2.466666666666667
PER,Sergio Pérez,Cadillac,Bahrain,Bahrain Grand Prix,0,0,0,21,21e,https://media.formula1.com/d_driver_fallback_image.png/content/dam/fom-website/drivers/S/SERPER01_Sergio_Perez/serper01.png.transform/1col/image.png,20,19,,1.0,0,0.0,0.0,17.0625,16.5,0.0,0.0,2.375
STR,Lance Stroll,Aston Martin,Australian,Australian Grand Prix,0,0,0,21,21e,https://media.formula1.com/d_driver_fallback_image.png/content/dam/fom-website/drivers/L/LANSTR01_Lance_Stroll/lanstr01.png.transform/1col/image.png,22,17,,5.0,0,0.0,0.0,17.0,17.0,0.0,0.0,5.0
STR,Lance Stroll,Aston Martin,Chinese*,Chinese Grand Prix,0,0,0,21,21e,https://media.formula1.com/d_driver_fallback_image.png/content/dam/fom-website/drivers/L/LANSTR01_Lance_Stroll/lanstr01.png.transform/1col/image.png,20,18,,2.0,0,0.0,0.0,17.5,17.5,0.0,0.0,3.5
STR,Lance Stroll,Aston Martin,Japanese,Japanese Grand Prix,0,0,0,21,21e,https://media.formula1.com/d_driver_fallback_image.png/content/dam/fom-website/drivers/L/LANSTR01_Lance_Stroll/lanstr01.png.transform/1col/image.png,22,21,,1.0,0,0.0,0.0,18.666666666666668,18.0,0.0,0.0,2.6666666666666665
STR,Lance Stroll,Aston Martin,Miami*,Miami Grand Prix,0,0,0,21,21e,https://media.formula1.com/d_driver_fallback_image.png/content/dam/fom-website/drivers/L/LANSTR01_Lance_Stroll/lanstr01.png.transform/1col/image.png,18,17,,1.0,0,0.0,0.0,18.25,17.5,0.0,0.0,2.25
STR,Lance Stroll,Aston Martin,Canadian*,Canadian Grand Prix,0,0,0,21,21e,https://media.formula1.com/d_driver_fallback_image.png/content/dam/fom-website/drivers/L/LANSTR01_Lance_Stroll/lanstr01.png.transform/1col/image.png,22,15,,7.0,0,0.0,0.0,17.6,17.0,0.0,0.0,3.2
STR,Lance Stroll,Aston Martin,Monaco,Monaco Grand Prix,0,0,0,21,21e,https://media.formula1.com/d_driver_fallback_image.png/content/dam/fom-website/drivers/L/LANSTR01_Lance_Stroll/lanstr01.png.transform/1col/image.png,22,18,,4.0,0,0.0,0.0,17.666666666666668,17.5,0.0,0.0,3.3333333333333335
STR,Lance Stroll,Aston Martin,Barcelona,Barcelona Grand Prix,0,0,0,21,21e,https://media.formula1.com/d_driver_fallback_image.png/content/dam/fom-website/drivers/L/LANSTR01_Lance_Stroll/lanstr01.png.transform/1col/image.png,21,22,,-1.0,0,0.0,0.0,18.285714285714285,18.0,0.0,0.0,2.7142857142857144
STR,Lance Stroll,Aston Martin,Austrian,Austrian Grand Prix,0,0,0,21,21e,https://media.formula1.com/d_driver_fallback_image.png/content/dam/fom-website/drivers/L/LANSTR01_Lance_Stroll/lanstr01.png.transform/1col/image.png,22,19,,3.0,0,0.0,0.0,18.375,18.0,0.0,0.0,2.75
STR,Lance Stroll,Aston Martin,British*,British Grand Prix,0,0,0,21,21e,https://media.formula1.com/d_driver_fallback_image.png/content/dam/fom-website/drivers/L/LANSTR01_Lance_Stroll/lanstr01.png.transform/1col/image.png,22,19,,3.0,0,0.0,0.0,18.444444444444443,18.0,0.0,0.0,2.7777777777777777
STR,Lance Stroll,Aston Martin,Belgian,Belgian Grand Prix,0,0,0,21,21e,https://media.formula1.com/d_driver_fallback_image.png/content/dam/fom-website/drivers/L/LANSTR01_Lance_Stroll/lanstr01.png.transform/1col/image.png,20,20,,0.0,0,0.0,0.0,18.6,18.5,0.0,0.0,2.5
STR,Lance Stroll,Aston Martin,Hungarian,Hungarian Grand Prix,0,0,0,21,21e,https://media.formula1.com/d_driver_fallback_image.png/content/dam/fom-website/drivers/L/LANSTR01_Lance_Stroll/lanstr01.png.transform/1col/image.png,20,13,,7.0,0,0.0,0.0,18.09090909090909,18.0,0.0,0.0,2.909090909090909
STR,Lance Stroll,Aston Martin,Dutch*,Dutch Grand Prix,0,0,0,21,21e,https://media.formula1.com/d_driver_fallback_image.png/content/dam/fom-website/drivers/L/LANSTR01_Lance_Stroll/lanstr01.png.transform/1col/image.png,19,20,,-1.0,0,0.0,0.0,18.25,18.5,0.0,0.0,2.5833333333333335
STR,Lance Stroll,Aston Martin,Italian,Italian Grand Prix,0,0,0,21,21e,https://media.formula1.com/d_driver_fallback_image.png/content/dam/fom-website/drivers/L/LANSTR01_Lance_Stroll/lanstr01.png.transform/1col/image.png,18,20,,-2.0,0,0.0,0.0,18.384615384615383,19.0,0.0,0.0,2.230769230769231
STR,Lance Stroll,Aston Martin,Madrid,Spanish Grand Prix,0,0,0,21,21e,https://media.formula1.com/d_driver_fallback_image.png/content/dam/fom-website/drivers/L/LANSTR01_Lance_Stroll/lanstr01.png.transform/1col/image.png,21,21,,0.0,0,0.0,0.0,18.571428571428573,19.0,0.0,0.0,2.0714285714285716
STR,Lance Stroll,Aston Martin,Azerbaijan,Azerbaijan Grand Prix,0,0,0,21,21e,https://media.formula1.com/d_driver_fallback_image.png/content/dam/fom-website/drivers/L/LANSTR01_Lance_Stroll/lanstr01.png.transform/1col/image.png,22,22,,0.0,0,0.0,0.0,18.8,19.0,0.0,0.0,1.9333333333333333
STR,Lance Stroll,Aston Martin,Bahrain,Bahrain Grand Prix,0,0,0,21,21e,https://media.formula1.com/d_driver_fallback_image.png/content/dam/fom-website/drivers/L/LANSTR01_Lance_Stroll/lanstr01.png.transform/1col/image.png,14,12,,2.0,0,0.0,0.0,18.375,19.0,0.0,0.0,1.9375
